O.S.N.,Candidate,Party,EVM Votes,Postal Votes,Total Votes,% of Votes,AC_NO,Position,Party Code
1,ADHIKARY PARESH CHANDRA,All India Trinamool Congress,98790,548,99338,49.98,1,1,AITC
2,GOBINDA CHANDRA ROY,All India Forward Bloc,6758,95,6853,3.45,1,3,AIFB
3,JYOTISH ROY,Bahujan Samaj Party,1019,6,1025,0.52,1,6,BSP
4,DADHIRAM RAY,Bharatiya Janata Party,83991,662,84653,42.59,1,2,BJP
5,KUKIL ADHIKARY,Kamatapur People’s Party (United),789,5,794,0.4,1,8,KPP(U)
6,CHINU ROY BARMAN,Amra Bangalee,396,4,400,0.2,1,10,AB
7,RANJIT KUMAR ROY,SOCIALIST UNITY CENTRE OF INDIA (COMMUNIST),1761,7,1768,0.89,1,5,SUCOI(C)
8,GOLAPI ROY,Independent,508,3,511,0.26,1,9,I
9,SUBHASH BARMAN,Independent,953,2,955,0.48,1,7,I
10,NOTA,None of the Above,2442,5,2447,1.23,1,4,NOTA
1,Ashok Barman,Communist Party of India (Marxist),7553,165,7718,3.6,2,3,CPI(M)
2,Girindra Nath Barman,All India Trinamool Congress,86470,645,87115,40.67,2,2,AITC
3,Sushil Barman,Bharatiya Janata Party,112146,1103,113249,52.87,2,1,BJP
4,Kangsa Raj Barman,Kamatapur People’s Party (United),1282,7,1289,0.6,2,5,KPP(U)
5,Bikash Barman,SOCIALIST UNITY CENTRE OF INDIA (COMMUNIST),582,7,589,0.27,2,8,SUCOI(C)
6,Ratan Barman,Amra Bangalee,481,5,486,0.23,2,9,AB
7,Animesh Mohanta,Independent,1144,3,1147,0.54,2,7,I
8,Haradhan Roy,Independent,1166,1,1167,0.54,2,6,I
9,NOTA,None of the Above,1431,12,1443,0.67,2,4,NOTA
1,NAGENDRA NATH ROY,All India Forward Bloc,11232,243,11475,4.7,3,3,AIFB
2,BINAY KRISHNA BARMAN,All India Trinamool Congress,104823,1045,105868,43.4,3,2,AITC
3,SUKUMAR ROY,Bharatiya Janata Party,118656,1827,120483,49.4,3,1,BJP
4,ANIL CHANDRA ROY,SOCIALIST UNITY CENTRE OF INDIA (COMMUNIST),1375,11,1386,0.57,3,5,SUCOI(C)
5,GOPAL ROY,Amra Bangalee,620,8,628,0.26,3,8,AB
6,SAMARESH RAY,Kamatapur People’s Party (United),1110,17,1127,0.46,3,7,KPP(U)
7,NARESH CHANDRA ROY,Independent,1374,5,1379,0.57,3,6,I
8,NOTA,None of the Above,1555,15,1570,0.64,3,4,NOTA
1,Akshay Thakur,All India Forward Bloc,9928,318,10246,5.24,4,3,AIFB
2,Avijit De Bhowmik,All India Trinamool Congress,85620,1009,86629,44.31,4,2,AITC
3,Khokan Majumdar,Bahujan Samaj Party,1415,4,1419,0.73,4,6,BSP
4,Nikhil Ranjan Dey,Bharatiya Janata Party,89966,1594,91560,46.83,4,1,BJP
5,Nazma Khandakar,SOCIALIST UNITY CENTRE OF INDIA (COMMUNIST),1124,14,1138,0.58,4,7,SUCOI(C)
6,Babla Deb,Amra Bangalee,326,3,329,0.17,4,10,AB
7,Anamika Paul,Independent,728,11,739,0.38,4,8,I
8,Bidhan Barma,Independent,493,3,496,0.25,4,9,I
9,Rati Ranjan Paul,Independent,1480,5,1485,0.76,4,4,I
10,NOTA,None of the Above,1436,28,1464,0.75,4,5,NOTA
1,Partha Pratim Ray,All India Trinamool Congress,106527,613,107140,43.56,5,2,AITC
2,Baren Chandra Barman,Bharatiya Janata Party,124120,835,124955,50.8,5,1,BJP
3,Sudhangshu Pramanik,Communist Party of India (Marxist),6622,98,6720,2.73,5,3,CPI(M)
4,Kamal Barman,Amra Bangalee,719,2,721,0.29,5,7,AB
5,Jagadish Adhikari,SOCIALIST UNITY CENTRE OF INDIA (COMMUNIST),691,2,693,0.28,5,8,SUCOI(C)
6,Manik Chandra Barman,Kamatapur People’s Party (United),970,6,976,0.4,5,6,KPP(U)
7,Hare Krishna Sarkar,Independent,2018,0,2018,0.82,5,5,I
8,NOTA,None of the Above,2738,5,2743,1.12,5,4,NOTA
1,KESHAB CHANDRA RAY,Indian National Congress,3900,64,3964,1.66,6,3,INC
2,JAGADISH CHANDRA BARMA BASUNIA,All India Trinamool Congress,116850,1058,117908,49.42,6,1,AITC
3,DIPAK KUMAR ROY,Bharatiya Janata Party,106723,1073,107796,45.18,6,2,BJP
4,ANIL CHANDRA BARMAN ROY,SOCIALIST UNITY CENTRE OF INDIA (COMMUNIST),1371,10,1381,0.58,6,7,SUCOI(C)
5,PROSHANTA BARMAN,Lok Jan Shakti Party,548,2,550,0.23,6,9,LJSP
6,PRASANNA KUMAR ROY,Amra Bangalee,364,5,369,0.15,6,10,AB
7,KASHIKANTA BARMAN,Independent,862,4,866,0.36,6,8,I
8,LALCHAND BARMAN,Independent,1773,3,1776,0.74,6,5,I
9,SUNIL MAHANTA,Independent,2387,4,2391,1.0,6,4,I
10,NOTA,None of the Above,1564,13,1577,0.66,6,6,NOTA
1,ABDUR ROUF,All India Forward Bloc,5916,153,6069,2.49,7,3,AIFB
2,UDAYAN GUHA,All India Trinamool Congress,114887,1091,115978,47.58,7,2,AITC
3,NISITH PRAMANIK,Bharatiya Janata Party,114361,1674,116035,47.6,7,1,BJP
4,PRADIP ROY,SOCIALIST UNITY CENTRE OF INDIA (COMMUNIST),1364,11,1375,0.56,7,6,SUCOI(C)
5,NIRMAL CHANDRA BARMAN,Independent,1361,9,1370,0.56,7,7,I
6,LEBU MIYAN,Independent,1386,1,1387,0.57,7,5,I
7,NOTA,None of the Above,1515,22,1537,0.63,7,4,NOTA
1,Akik Hassan,Communist Party of India (Marxist),11584,255,11839,5.45,8,3,CPI(M)
2,Mihir Goswami,Bharatiya Janata Party,110020,1723,111743,51.45,8,1,BJP
3,Rabindra Nath Ghosh,All India Trinamool Congress,87098,1205,88303,40.66,8,2,AITC
4,Abdus Salam,SOCIALIST UNITY CENTRE OF INDIA (COMMUNIST),1178,8,1186,0.55,8,5,SUCOI(C)
5,Ekramul Hoque,United Socialist Party,500,5,505,0.23,8,8,USP
6,Dalendra Nath Ray,Amra Bangalee,1103,7,1110,0.51,8,7,AB
7,Sahidul Hossain,Independent,1338,3,1341,0.62,8,4,I
8,NOTA,None of the Above,1127,19,1146,0.53,8,6,NOTA
1,Pranab Kumar Dey,All India Trinamool Congress,82546,759,83305,39.79,9,2,AITC
2,Malati Rava Roy,Bharatiya Janata Party,112609,1894,114503,54.69,9,1,BJP
3,Rabin Roy,Indian National Congress,5804,169,5973,2.85,9,3,INC
4,Jiban Kumar Saha,Amra Bangalee,422,1,423,0.2,9,9,AB
5,Bhola Saha,SOCIALIST UNITY CENTRE OF INDIA (COMMUNIST),481,10,491,0.23,9,8,SUCOI(C)
6,Dhananjay Barman,Independent,541,11,552,0.26,9,7,I
7,Prahallad Layek,Independent,600,1,601,0.29,9,6,I
8,Sushil Chandra Das,Independent,1458,3,1461,0.7,9,5,I
9,NOTA,None of the Above,2047,22,2069,0.99,9,4,NOTA
1,KISHOR MINJ,Revolutionary Socialist Party,11100,153,11253,4.84,10,3,RSP
2,MANOJ KUMAR ORAON,Bharatiya Janata Party,110658,1316,111974,48.16,10,1,BJP
3,LEOS KUJUR (URAO),All India Trinamool Congress,100009,964,100973,43.43,10,2,AITC
4,KALAWATI CHIK BARAIK,Janata Dal (United),1381,18,1399,0.6,10,7,JD(U)
5,Shailen Marandi,Bahujan Mukti Party,735,5,740,0.32,10,8,BMP
6,Shrilal Oron,Kamatapur People’s Party (United),1643,8,1651,0.71,10,6,KPP(U)
7,Aron Murmu,Independent,1774,7,1781,0.77,10,5,I
8,NOTA,None of the Above,2706,12,2718,1.17,10,4,NOTA
1,AVIJIT NARJINARY,Indian National Congress,5386,96,5482,2.8,11,3,INC
2,ASHOK LAMA,National People's Party,794,9,803,0.41,11,10,NPP
3,PASSANG LAMA,All India Trinamool Congress,73896,632,74528,38.06,11,2,AITC
4,BISHAL LAMA,Bharatiya Janata Party,102247,857,103104,52.65,11,1,BJP
5,CHANCHAL NARJINARY,Lok Jan Shakti Party,1163,1,1164,0.59,11,8,LJSP
6,MADAN KUMAR URAON,Janata Dal (United),419,4,423,0.22,11,12,JD(U)
7,HAKIM MAHALI,Bahujan Mukti Party,475,4,479,0.24,11,11,BMP
8,PRAKASH KUJUR,Independent,1858,11,1869,0.95,11,7,I
9,BINAY NARJINARY,Independent,2416,9,2425,1.24,11,4,I
10,REKHA LAKRA (EKKA),Independent,2242,9,2251,1.15,11,6,I
11,SUKUMAR MINJ,Independent,907,3,910,0.46,11,9,I
12,NOTA,None of the Above,2370,7,2377,1.21,11,5,NOTA
1,DEBA PRASAD ROY,Indian National Congress,15203,448,15651,7.03,12,3,INC
2,SUMAN KANJILAL,Bharatiya Janata Party,105517,1816,107333,48.19,12,1,BJP
3,SOURAV CHAKRABORTY (GHUTIS),All India Trinamool Congress,90183,1143,91326,41.0,12,2,AITC
4,PIJUSH KANTI SARMA,SOCIALIST UNITY CENTRE OF INDIA (COMMUNIST),1090,21,1111,0.5,12,7,SUCOI(C)
5,ABINASH DAS,Independent,267,3,270,0.12,12,10,I
6,ASHIM ROY,Independent,677,19,696,0.31,12,8,I
7,KUSHAL KUMAR ROY,Independent,613,7,620,0.28,12,9,I
8,NIKHIL CHANDRA RAIBIR,Independent,2333,18,2351,1.06,12,4,I
9,RINKU GHOSH,Independent,1384,9,1393,0.63,12,6,I
10,NOTA,None of the Above,1950,31,1981,0.89,12,5,NOTA
1,KSHITISH CHANDRA RAY,Communist Party of India (Marxist),10496,276,10772,4.89,13,3,CPI(M)
2,DIPAK BARMAN,Bharatiya Janata Party,101833,1160,102993,46.71,13,1,BJP
3,SUBHASH CHANDRA ROY,All India Trinamool Congress,98181,822,99003,44.9,13,2,AITC
4,TAPAN ADHIKARI,Samajwadi Jan Parishad,1367,10,1377,0.62,13,7,SJP
5,TARANI ROY,SOCIALIST UNITY CENTRE OF INDIA (COMMUNIST),608,5,613,0.28,13,8,SUCOI(C)
6,BIMAL ROY,Amra Bangalee,446,3,449,0.2,13,9,AB
7,DIPAK CHANDRA MANDAL (SANTOSH),Independent,1675,3,1678,0.76,13,5,I
8,SWAPAN ROY,Independent,1639,6,1645,0.75,13,6,I
9,NOTA,None of the Above,1964,6,1970,0.89,13,4,NOTA
1,UTTAM BARUA,Bahujan Samaj Party,1687,9,1696,1.02,14,5,BSP
2,PANCHU ORAON,National People's Party,1261,11,1272,0.76,14,7,NPP
3,MANOJ TIGGA,Bharatiya Janata Party,89913,805,90718,54.35,14,1,BJP
4,RAJESH LAKRA,All India Trinamool Congress,60591,442,61033,36.56,14,2,AITC
5,SUBHASH LOHAR,Revolutionary Socialist Party,6983,89,7072,4.24,14,3,RSP
6,VIVEK PRADEEP TETE,Bhartiya Tribal Party,1536,4,1540,0.92,14,6,BTP
7,SUDHIST BARAIK,SOCIALIST UNITY CENTRE OF INDIA (COMMUNIST),961,6,967,0.58,14,8,SUCOI(C)
8,NOTA,None of the Above,2607,15,2622,1.57,14,4,NOTA
1,PRADIP KUMAR ROY,Communist Party of India (Marxist),12856,251,13107,5.72,15,3,CPI(M)
2,BISHNU PADA RAY,Bharatiya Janata Party,103533,1155,104688,45.65,15,1,BJP
3,BEDODYUTI ROY,Bahujan Samaj Party,2171,7,2178,0.95,15,4,BSP
4,MITALI ROY,All India Trinamool Congress,99293,1040,100333,43.75,15,2,AITC
5,DHIRANJAN ROY,SOCIALIST UNITY CENTRE OF INDIA (COMMUNIST),1604,9,1613,0.7,15,8,SUCOI(C)
6,SUKUMAR ROY,Kamatapur People’s Party (United),2144,11,2155,0.94,15,6,KPP(U)
7,SUJAN BARMAN,Independent,1090,6,1096,0.48,15,9,I
8,HRISHIKESH ROY,Independent,2167,2,2169,0.95,15,5,I
9,NOTA,None of the Above,1976,8,1984,0.87,15,7,NOTA
1,Kaushik Roy,Bharatiya Janata Party,113928,1378,115306,48.84,16,1,BJP
2,Ganesh Mandal,Bahujan Samaj Party,1539,11,1550,0.66,16,7,BSP
3,Naresh Chandra Roy,Revolutionary Socialist Party,5592,168,5760,2.44,16,3,RSP
4,Manoj Roy,All India Trinamool Congress,102341,1054,103395,43.79,16,2,AITC
5,Uday Shankar Adhikari,Communist Party of India (Marxist-Leninist) (Liberation),1546,9,1555,0.66,16,6,CPI(M)(L)
6,Binay Sarkar,Amra Bangalee,737,3,740,0.31,16,10,AB
7,Biswanath Roy,Kamatapur People’s Party (United),2843,25,2868,1.21,16,5,KPP(U)
8,Shyamal Roy,SOCIALIST UNITY CENTRE OF INDIA (COMMUNIST),737,8,745,0.32,16,9,SUCOI(C)
9,Bilash Sarkar,Independent,1075,4,1079,0.46,16,8,I
10,NOTA,None of the Above,3072,23,3095,1.31,16,4,NOTA
1,DR. PRADIP KUMAR BARMA,All India Trinamool Congress,93648,2020,95668,42.34,17,1,AITC
2,SUKHBILAS BARMA,Indian National Congress,23173,1055,24228,10.72,17,3,INC
3,SUBHASH KUMAR SARKAR,Bahujan Samaj Party,1590,19,1609,0.71,17,5,BSP
4,SOUJIT SINGHA (PIKU),Bharatiya Janata Party,92373,2354,94727,41.93,17,2,BJP
5,ISWAR BARAI,Amra Bangalee,999,12,1011,0.45,17,8,AB
6,PALENDRA NATH ROY,SOCIALIST UNITY CENTRE OF INDIA (COMMUNIST),884,14,898,0.4,17,10,SUCOI(C)
7,PRAHLAD ROY,Independent,725,21,746,0.33,17,11,I
8,RAKHI SARKAR,Independent,1537,19,1556,0.69,17,6,I
9,HARIDAS BISWAS,Independent,949,13,962,0.43,17,9,I
10,HAREKRISHNA SARKAR,Independent,1142,5,1147,0.51,17,7,I
11,NOTA,None of the Above,3334,47,3381,1.5,17,4,NOTA
1,KHAGESWAR ROY,All India Trinamool Congress,103587,1054,104641,48.5,18,1,AITC
2,RATAN KUMAR ROY,Communist Party of India (Marxist),11897,211,12108,5.61,18,3,CPI(M)
3,SANTI KISHOR BARARI,Bahujan Samaj Party,1498,12,1510,0.7,18,7,BSP
4,SUPEN ROY,Bharatiya Janata Party,87822,1046,88868,41.19,18,2,BJP
5,UDAY ROY,SOCIALIST UNITY CENTRE OF INDIA (COMMUNIST),1590,15,1605,0.74,18,6,SUCOI(C)
6,TAPATI ROY (BARMAN),Kamatapur People’s Party (United),1851,9,1860,0.86,18,5,KPP(U)
7,NIRODE CHANDRA ADHIKARY,Amra Bangalee,833,9,842,0.39,18,9,AB
8,DIGBIJAY MANDAL,Independent,1137,9,1146,0.53,18,8,I
9,NOTA,None of the Above,3161,14,3175,1.47,18,4,NOTA
1,Goutam Deb,All India Trinamool Congress,100844,651,101495,39.19,19,2,AITC
2,Dilip Singh,Communist Party of India (Marxist),17747,251,17998,6.95,19,3,CPI(M)
3,Radhakrishna Namadas,Bahujan Samaj Party,1391,4,1395,0.54,19,5,BSP
4,Sikha Chatterjee,Bharatiya Janata Party,128302,786,129088,49.85,19,1,BJP
5,Amitav Naskar,Republican Party of India (A),876,5,881,0.34,19,9,RPI(A)
6,Maniul Islam,SOCIALIST UNITY CENTRE OF INDIA (COMMUNIST),544,3,547,0.21,19,11,SUCOI(C)
7,Shambhu Sutradhar,Amra Bangalee,646,4,650,0.25,19,10,AB
8,Maheswar Barman,Independent,1388,3,1391,0.54,19,6,I
9,Rakhi Mandal,Independent,1087,6,1093,0.42,19,7,I
10,Subash Biswas,Independent,1047,5,1052,0.41,19,8,I
11,NOTA,None of the Above,3358,21,3379,1.3,19,4,NOTA
1,BULU CHIK BARAIK,All India Trinamool Congress,98697,389,99086,46.46,20,1,AITC
2,MANU ORAON,Communist Party of India (Marxist),10797,132,10929,5.12,20,3,CPI(M)
3,MAHESH BAGEY,Bharatiya Janata Party,93106,515,93621,43.9,20,2,BJP
4,GITA ORAON,SOCIALIST UNITY CENTRE OF INDIA (COMMUNIST),3000,8,3008,1.41,20,5,SUCOI(C)
5,BABLU MAJHI,Independent,1907,5,1912,0.9,20,6,I
6,NOTA,None of the Above,4688,11,4699,2.2,20,4,NOTA
1,PUNA BHENGRA,Bharatiya Janata Party,94371,351,94722,49.55,21,1,BJP
2,JOSEPH MUNDA,All India Trinamool Congress,70999,248,71247,37.27,21,2,AITC
3,SUKBIR SUBBA,Indian National Congress,12378,64,12442,6.51,21,3,INC
4,BENAM ORAON,Progressive People's Party,2243,4,2247,1.18,21,6,PPP
5,ASHAN TIRKEY,Independent,1770,4,1774,0.93,21,7,I
6,ROBAT MUNDA,Independent,3280,3,3283,1.72,21,5,I
7,NOTA,None of the Above,5448,6,5454,2.85,21,4,NOTA
1,DILIP PRADHAN,Indian National Congress,1632,83,1715,1.11,22,7,INC
2,PENJO GOMPU BHUTIA,National People's Party,1750,55,1805,1.17,22,5,NPP
3,SUVA PRADHAN,Bharatiya Janata Party,53227,1109,54336,35.09,22,2,BJP
4,UJJWAL RAI,Independent,1495,67,1562,1.01,22,8,I
5,DR. R.B. BHUJEL,Independent,31479,377,31856,20.57,22,3,I
6,BHUPENDRA LEPCHA,Independent,1463,40,1503,0.97,22,9,I
7,RUDEN SADA LEPCHA,Independent,57344,862,58206,37.59,22,1,I
8,SONGDEN LEPCHA,Independent,1688,32,1720,1.11,22,6,I
9,NOTA,None of the Above,2142,18,2160,1.39,22,4,NOTA
1,GAUTAM RAJ RAI,Communist Party of India (Marxist),1821,92,1913,1.13,23,7,CPI(M)
2,NEERAJ TAMANG ZIMBA,Bharatiya Janata Party,67161,1746,68907,40.88,23,1,BJP
3,ANJANI SHARMA,Independent,1600,77,1677,0.99,23,8,I
4,KESHAV RAJ SHARMA,Independent,46927,704,47631,28.26,23,2,I
5,NIMA GYAMTSHO SHERPA,Independent,2042,46,2088,1.24,23,6,I
6,PEMBA TSHERING,Independent,37804,436,38240,22.68,23,3,I
7,BHARAT PRAKASH RAI,Independent,1286,41,1327,0.79,23,10,I
8,MILAN THOKAR,Independent,1367,30,1397,0.83,23,9,I
9,SURAJ GURUNG,Independent,2766,89,2855,1.69,23,4,I
10,NOTA,None of the Above,2495,45,2540,1.51,23,5,NOTA
1,Uttam Brahman,Communist Party of India (Marxist),2494,51,2545,1.45,24,4,CPI(M)
2,Bishnu Prasad Sharma (alias B.P. Bajgain),Bharatiya Janata Party,72153,1322,73475,41.86,24,1,BJP
3,Ugam Lama,Independent,2235,64,2299,1.31,24,6,I
4,Tshering Lama,Independent,57044,916,57960,33.02,24,2,I
5,Narbu Lama,Independent,32770,324,33094,18.85,24,3,I
6,Pranav Pradhan,Independent,1341,25,1366,0.78,24,8,I
7,Bikram Rai,Independent,1402,27,1429,0.81,24,7,I
8,Bhupendra Lepcha,Independent,935,25,960,0.55,24,9,I
9,NOTA,None of the Above,2372,45,2417,1.38,24,5,NOTA
1,Anandamay Barman,Bharatiya Janata Party,138819,966,139785,58.1,25,1,BJP
2,Rajen Sundas,All India Trinamool Congress,68454,483,68937,28.65,25,2,AITC
3,Sankar Malakar,Indian National Congress,22865,195,23060,9.58,25,3,INC
4,Sudip Mandal,Bahujan Samaj Party,1564,13,1577,0.66,25,6,BSP
5,Harish Chandra Barman,SOCIALIST UNITY CENTRE OF INDIA (COMMUNIST),1261,13,1274,0.53,25,7,SUCOI(C)
6,Rakesh Mondal,Independent,2032,14,2046,0.85,25,5,I
7,NOTA,None of the Above,3888,24,3912,1.63,25,4,NOTA
1,Asok Bhattacharya,Communist Party of India (Marxist),28269,566,28835,16.14,26,3,CPI(M)
2,Dr. Omprakash Mishra,All India Trinamool Congress,53153,631,53784,30.11,26,2,AITC
3,Kakali Majumdar (Roy),Bahujan Samaj Party,1241,14,1255,0.7,26,5,BSP
4,Sankar Ghosh,Bharatiya Janata Party,88580,790,89370,50.03,26,1,BJP
5,Chayan Guha,Amra Bangalee,592,2,594,0.33,26,8,AB
6,Chhotan Saha,Republican Party of India (Athawale),301,5,306,0.17,26,11,RPI(A)
7,Dipti Roy,SOCIALIST UNITY CENTRE OF INDIA (COMMUNIST),368,11,379,0.21,26,10,SUCOI(C)
8,Nintu Dutta,Republican Party of India (A),645,4,649,0.36,26,7,RPI(A)
9,Bhushan Kumar Soni,Janata Dal (United),443,4,447,0.25,26,9,JD(U)
10,Habul Ghosh,Independent,951,6,957,0.54,26,6,I
11,NOTA,None of the Above,2035,39,2074,1.16,26,4,NOTA
1,Karuna Ranjan Soren,Bahujan Samaj Party,2284,7,2291,1.1,27,6,BSP
2,Chhotan Kisku,All India Trinamool Congress,77599,341,77940,37.55,27,2,AITC
3,Durga Murmu,Bharatiya Janata Party,105123,528,105651,50.89,27,1,BJP
4,Sunil Chandra Tirkey,Indian National Congress,12747,68,12815,6.17,27,3,INC
5,Amit Lakra,Bhartiya Tribal Party,1683,16,1699,0.82,27,8,BTP
6,Bhola Tirki,SOCIALIST UNITY CENTRE OF INDIA (COMMUNIST),1827,5,1832,0.88,27,7,SUCOI(C)
7,Sumanti Ekka,Communist Party of India (Marxist-Leninist) (Liberation),2769,18,2787,1.34,27,4,CPI(M)(L)
8,NOTA,None of the Above,2564,11,2575,1.24,27,5,NOTA
1,ANWARUL HAQUE,Communist Party of India (Marxist),12188,91,12279,6.02,28,3,CPI(M)
2,MD. SHAHIN AKHTER,Bharatiya Janata Party,59604,414,60018,29.4,28,2,BJP
3,HAMIDUL RAHAMAN,All India Trinamool Congress,123944,979,124923,61.2,28,1,AITC
4,AJOY KUMAR SINHA,Amra Bangalee,3158,8,3166,1.55,28,4,AB
5,SUROJIT KISKU,Independent,2190,3,2193,1.07,28,5,I
6,NOTA,None of the Above,1527,4,1531,0.75,28,6,NOTA
1,ABDUL KARIM CHOWDHARY,All India Trinamool Congress,99380,751,100131,58.91,29,1,AITC
2,SADIQUL ISLAM,Indian National Congress,3405,56,3461,2.04,29,3,INC
3,SAUMYAROOP MANDAL,Bharatiya Janata Party,61909,782,62691,36.88,29,2,BJP
4,BIRENDRA NATH SINHA,SOCIALIST UNITY CENTRE OF INDIA (COMMUNIST),1142,10,1152,0.68,29,5,SUCOI(C)
5,MD. NAIYAR ALAM,Independent,563,0,563,0.33,29,6,I
6,NOTA,None of the Above,1962,14,1976,1.16,29,4,NOTA
1,MD. GHULAM RABBANI,All India Trinamool Congress,105083,566,105649,65.4,30,1,AITC
2,MD. GHULAM SARWAR,Bharatiya Janata Party,32029,106,32135,19.89,30,2,BJP
3,MASOOD MD. NASEEM AHSEN,Indian National Congress,19305,86,19391,12.0,30,3,INC
4,SUNIL BISWAS,Bahujan Samaj Party,861,4,865,0.54,30,5,BSP
5,NABIN CHANDRA SINGHA,SOCIALIST UNITY CENTRE OF INDIA (COMMUNIST),378,2,380,0.24,30,8,SUCOI(C)
6,RAGHU NATH SINGHA,Independent,405,0,405,0.25,30,7,I
7,SHAMBHU LAL ROY,Independent,693,1,694,0.43,30,6,I
8,NOTA,None of the Above,2014,2,2016,1.25,30,4,NOTA
1,ALI IMRAN RAMZ,All India Forward Bloc,28521,183,28704,16.55,31,3,AIFB
2,AZAD MINHAJUL ARFIN,All India Trinamool Congress,85922,389,86311,49.78,31,1,AITC
3,GOUTAM PAUL,Bahujan Samaj Party,2720,5,2725,1.57,31,4,BSP
4,SACHIN PRASAD,Bharatiya Janata Party,52170,304,52474,30.26,31,2,BJP
5,KAMKSHYA SARKAR,Janata Dal (United),950,4,954,0.55,31,7,JD(U)
6,MAZHAR IMAM,Independent,1046,0,1046,0.6,31,6,I
7,NOTA,None of the Above,1183,3,1186,0.68,31,5,NOTA
1,GOUTAM PAUL,All India Trinamool Congress,115956,638,116594,54.7,32,1,AITC
2,MD. HAFIZUL IQBAL,All India Forward Bloc,9077,69,9146,4.29,32,3,AIFB
3,SUBHAS CHANDRA SINHA S/O: HARANARAYAN SINHA,Bharatiya Janata Party,79417,551,79968,37.52,32,2,BJP
4,HARUN RASHID,Bahujan Samaj Party,1128,11,1139,0.53,32,6,BSP
5,BISHWAJIT SINHA,Amra Bangalee,266,5,271,0.13,32,10,AB
6,SHANTILAL SINGHA,SOCIALIST UNITY CENTRE OF INDIA (COMMUNIST),201,6,207,0.1,32,12,SUCOI(C)
7,SANTHAPAN HASDAK,Bahujan Mukti Party,229,2,231,0.11,32,11,BMP
8,ABDULLAH,Independent,631,1,632,0.3,32,8,I
9,DINESH CHANDRA SINGHA,Independent,536,1,537,0.25,32,9,I
10,BENOY KUMAR DAS,Independent,1266,3,1269,0.6,32,5,I
11,SUBHASH CHANDRA SINHA S/O: BUYASU LAL SINGHA,Independent,690,3,693,0.33,32,7,I
12,NOTA,None of the Above,2443,6,2449,1.15,32,4,NOTA
1,CHANDIMA ROY,Bharatiya Janata Party,88481,729,89210,39.95,33,2,BJP
2,BINAY KUMAR ROY,Bahujan Samaj Party,1406,5,1411,0.63,33,7,BSP
3,BHUPEN BARMAN,Communist Party of India (Marxist),9297,156,9453,4.23,33,3,CPI(M)
4,SATYAJIT BARMAN,All India Trinamool Congress,115346,1079,116425,52.14,33,1,AITC
5,JYOTIRMAY BARMAN,SOCIALIST UNITY CENTRE OF INDIA (COMMUNIST),1510,8,1518,0.68,33,6,SUCOI(C)
6,MANINDRA BARMAN,Amra Bangalee,1580,1,1581,0.71,33,5,AB
7,DIPU BARMAN,Independent,699,2,701,0.31,33,9,I
8,SANKAR BARMAN,Independent,840,2,842,0.38,33,8,I
9,NOTA,None of the Above,2154,6,2160,0.97,33,4,NOTA
1,TAPAN DEB SINGHA,All India Trinamool Congress,93723,1225,94948,39.61,34,2,AITC
2,PRAVASH SARKAR,Indian National Congress,16451,319,16770,7.0,34,3,INC
3,SOUMEN ROY,Bharatiya Janata Party,115577,1191,116768,48.71,34,1,BJP
4,GOPAL CHUNARY,SOCIALIST UNITY CENTRE OF INDIA (COMMUNIST),1070,3,1073,0.45,34,6,SUCOI(C)
5,NAMALA KANTA SARKAR,Amra Bangalee,385,2,387,0.16,34,11,AB
6,ALEN SARKAR,Independent,407,1,408,0.17,34,10,I
7,Dilip Chandra Ray,Independent,544,8,552,0.23,34,9,I
8,SHYAMA SARKAR,Independent,776,5,781,0.33,34,8,I
9,SUDHIR SARKAR,Independent,3978,26,4004,1.67,34,4,I
10,SURESH BARMAN,Independent,1025,3,1028,0.43,34,7,I
11,NOTA,None of the Above,2993,14,3007,1.25,34,5,NOTA
1,AGARWAL KANAIA LAL,All India Trinamool Congress,58007,1020,59027,36.58,35,2,AITC
2,KRISHNA KALYANI,Bharatiya Janata Party,78308,1467,79775,49.44,35,1,BJP
3,MOHIT SENGUPTA,Indian National Congress,16524,674,17198,10.66,35,3,INC
4,GOUTAM BISWAS,Amra Bangalee,204,4,208,0.13,35,8,AB
5,BAHAMONI HANSDA,Bahujan Mukti Party,128,5,133,0.08,35,10,BMP
6,BHABATOSH LAHIRI,Janata Dal (United),73,0,73,0.05,35,13,JD(U)
7,SANATAN MAJUMDAR,SOCIALIST UNITY CENTRE OF INDIA (COMMUNIST),133,0,133,0.08,35,10,SUCOI(C)
8,JYOTI BARMAN,Independent,98,1,99,0.06,35,12,I
9,DIPENDU SARKAR,Independent,208,3,211,0.13,35,7,I
10,MANJU DAS (MANDAL),Independent,194,2,196,0.12,35,9,I
11,MINAKSHI ROY,Independent,462,3,465,0.29,35,6,I
12,RAJU PAUL,Independent,1361,0,1361,0.84,35,5,I
13,NOTA,None of the Above,2459,9,2468,1.53,35,4,NOTA
1,AMIT KUMAR KUNDU,Bharatiya Janata Party,69949,721,70670,36.43,36,2,BJP
2,MOSARAF HUSSEN,All India Trinamool Congress,113867,778,114645,59.1,36,1,AITC
3,SRIKUMAR MUKHERJEE,Communist Party of India,4801,107,4908,2.53,36,3,CPI
4,MOFAKKERUL ISLAM,All India Majlis-E-Ittehadul Muslimeen,828,3,831,0.43,36,6,AIMM
5,TUFAN BARMAN,Independent,185,4,189,0.1,36,8,I
6,DILIP KUMAR BARMAN,Independent,131,2,133,0.07,36,9,I
7,FIROJ ALAM,Independent,344,2,346,0.18,36,7,I
8,MOJAMMEL HAQUE,Independent,1024,0,1024,0.53,36,5,I
9,NOTA,None of the Above,1239,1,1240,0.64,36,4,NOTA
1,NARMADA CHANDRA ROY,Revolutionary Socialist Party,12386,185,12571,6.83,37,3,RSP
2,BISWANATH SARKAR,Bahujan Samaj Party,1428,8,1436,0.78,37,5,BSP
3,RANJIT KUMAR ROY,Bharatiya Janata Party,76650,734,77384,42.04,37,2,BJP
4,REKHA ROY,All India Trinamool Congress,89185,783,89968,48.88,37,1,AITC
5,BHIMNAL SARKAR,Independent,1118,0,1118,0.61,37,6,I
6,NOTA,None of the Above,1590,8,1598,0.87,37,4,NOTA
1,CHAUDHURI NARGIS BANU,Indian National Congress,17344,134,17478,10.23,38,3,INC
2,TORAF HOSSAIN MANDAL,All India Trinamool Congress,89117,646,89763,52.52,38,1,AITC
3,Manas Sarkar,Bharatiya Janata Party,59736,660,60396,35.33,38,2,BJP
4,RANAJIT DEB,SOCIALIST UNITY CENTRE OF INDIA (COMMUNIST),1211,4,1215,0.71,38,4,SUCOI(C)
5,RUBEL SARKAR,Kamatapur People’s Party (United),946,5,951,0.56,38,6,KPP(U)
6,NOTA,None of the Above,1115,10,1125,0.66,38,5,NOTA
1,Ashok Kumar Lahiri,Bharatiya Janata Party,70484,1645,72129,47.42,39,1,BJP
2,Jogesh Chandra Murmu,Bahujan Samaj Party,1138,3,1141,0.75,39,5,BSP
3,Sekhar Dasgupta,All India Trinamool Congress,57885,808,58693,38.59,39,2,AITC
4,Sucheta Biswas,Revolutionary Socialist Party,15706,447,16153,10.62,39,3,RSP
5,Anup Barman,Kamatapur People’s Party (United),353,0,353,0.23,39,9,KPP(U)
6,Dulal Barman,Bahujan Mukti Party,377,2,379,0.25,39,8,BMP
7,Narottam Saha,Amra Bangalee,808,2,810,0.53,39,6,AB
8,BIRENDRA NATH MAHANTA,SOCIALIST UNITY CENTRE OF INDIA (COMMUNIST),596,8,604,0.4,39,7,SUCOI(C)
9,NOTA,None of the Above,1810,20,1830,1.2,39,4,NOTA
1,RAGHU UROW,Revolutionary Socialist Party,11847,241,12088,6.49,40,3,RSP
2,KALPANA KISKU,All India Trinamool Congress,81939,792,82731,44.41,40,2,AITC
3,BABLU KISKU,Bahujan Samaj Party,2142,4,2146,1.15,40,4,BSP
4,BUDHRAI TUDU,Bharatiya Janata Party,83172,1209,84381,45.29,40,1,BJP
5,ALBINUS HASDA,Bahujan Mukti Party,1311,4,1315,0.71,40,6,BMP
6,KALICHARAN EKKA,SOCIALIST UNITY CENTRE OF INDIA (COMMUNIST),816,4,820,0.44,40,8,SUCOI(C)
7,NIPESH TIRKI,Kamatapur People’s Party (United),1123,2,1125,0.6,40,7,KPP(U)
8,NOTA,None of the Above,1675,28,1703,0.91,40,5,NOTA
1,ARUN KANTI BALA,Bahujan Samaj Party,1166,3,1169,0.62,41,4,BSP
2,GOUTAM DAS,All India Trinamool Congress,83281,851,84132,44.4,41,2,AITC
3,NANDA LAL HAZRA,Communist Party of India (Marxist),11935,338,12273,6.48,41,3,CPI(M)
4,SATYENDRA NATH RAY,Bharatiya Janata Party,87561,1163,88724,46.82,41,1,BJP
5,AKSHAY SARKAR,Kamatapur People’s Party (United),1139,6,1145,0.6,41,6,KPP(U)
6,SUBRATA ROY,Communist Party of India (Marxist-Leninist) Red Star,889,1,890,0.47,41,7,CPI(M)RS
7,NOTA,None of the Above,1135,14,1149,0.61,41,5,NOTA
1,NILANJAN ROY,Bharatiya Janata Party,72793,666,73459,39.15,42,2,BJP
2,BIPLAB MITRA,All India Trinamool Congress,95432,699,96131,51.23,42,1,AITC
3,RAFIKUL ISLAM,Communist Party of India (Marxist),12268,176,12444,6.63,42,3,CPI(M)
4,SHANKAR MARDI,Bahujan Mukti Party,569,2,571,0.3,42,7,BMP
5,HARISH MAHATO,SOCIALIST UNITY CENTRE OF INDIA (COMMUNIST),277,1,278,0.15,42,9,SUCOI(C)
6,JALALUDDIN AHMED,Independent,333,0,333,0.18,42,8,I
7,PRADIP KUMAR PRAMANIK,Independent,769,3,772,0.41,42,6,I
8,BIJAN CHAKRABORTY,Independent,1829,2,1831,0.98,42,4,I
9,NOTA,None of the Above,1818,5,1823,0.97,42,5,NOTA
1,JOYEL MURMU,Bharatiya Janata Party,92982,1093,94075,47.52,43,1,BJP
2,THAKUR TUDU,Communist Party of India (Marxist),13649,156,13805,6.97,43,3,CPI(M)
3,PRODIP BASKEY,All India Trinamool Congress,73956,602,74558,37.66,43,2,AITC
4,SHRINATH TUDU,Bahujan Samaj Party,1658,9,1667,0.84,43,8,BSP
5,PRATAP KORAMUDI,Ambedkarite Party of India,1879,8,1887,0.95,43,6,API
6,BABURAM KISKU,Bahujan Mukti Party,5878,18,5896,2.98,43,4,BMP
7,BISWANATH MARDI,Kamatapur People’s Party (United),742,5,747,0.38,43,10,KPP(U)
8,NIRMAL SOREN,Independent,655,6,661,0.33,43,11,I
9,PROVAT KISKU,Independent,1696,5,1701,0.86,43,7,I
10,MURMU JOY,Independent,829,1,830,0.42,43,9,I
11,NOTA,None of the Above,2145,17,2162,1.09,43,5,NOTA
1,ARUN KUMAR BISWAS,Communist Party of India (Marxist),13796,154,13950,6.31,44,3,CPI(M)
2,CHINMOY DEB BARMAN,Bharatiya Janata Party,99773,882,100655,45.5,44,1,BJP
3,BASANTI BARMAN,All India Trinamool Congress,98267,590,98857,44.69,44,2,AITC
4,SANATAN RISHI,Bahujan Samaj Party,1935,8,1943,0.88,44,4,BSP
5,BIPAD BHANJAN ROY,Bahujan Mukti Party,822,2,824,0.37,44,8,BMP
6,Minu Sarkar (Barman),Kamatapur People’s Party (United),741,0,741,0.33,44,9,KPP(U)
7,SUPEN KUMAR ROY,SOCIALIST UNITY CENTRE OF INDIA (COMMUNIST),1380,1,1381,0.62,44,6,SUCOI(C)
8,SATISH RAJBANSHI,Independent,1127,0,1127,0.51,44,7,I
9,NOTA,None of the Above,1728,8,1736,0.78,44,5,NOTA
1,Asif Mehbub,Indian National Congress,31107,239,31346,15.7,45,3,INC
2,Younish Mia,Bahujan Samaj Party,1049,1,1050,0.53,45,5,BSP
3,Dipankar Ram (Bankat),Bharatiya Janata Party,48240,388,48628,24.35,45,2,BJP
4,Nihar Ranjan Ghosh,All India Trinamool Congress,115467,499,115966,58.08,45,1,AITC
5,Jhantu Kumar Rabidas,SOCIALIST UNITY CENTRE OF INDIA (COMMUNIST),1213,1,1214,0.61,45,4,SUCOI(C)
6,Bhakta Prasad Saha,Independent,452,0,452,0.23,45,7,I
7,NOTA,None of the Above,1018,5,1023,0.51,45,6,NOTA
1,ALAM MD RAFIQUL,All India Forward Bloc,1272,13,1285,0.63,46,6,AIFB
2,ALAM MOSTAQUE,Indian National Congress,29179,217,29396,14.47,46,3,INC
3,TAJMUL HOSSAIN,All India Trinamool Congress,121850,677,122527,60.31,46,1,AITC
4,MD. MATIBUR RAHAMAN,Bharatiya Janata Party,44841,213,45054,22.18,46,2,BJP
5,RAM BILAS MANDAL,Bahujan Samaj Party,1304,1,1305,0.64,46,5,BSP
6,MUSARAF HOSSAIN,SOCIALIST UNITY CENTRE OF INDIA (COMMUNIST),629,0,629,0.31,46,8,SUCOI(C)
7,MD OLIUR RAHAMAN,Independent,1473,0,1473,0.73,46,4,I
8,SUBRATA DAS,Independent,472,0,472,0.23,46,9,I
9,NOTA,None of the Above,1008,4,1012,0.5,46,7,NOTA
1,ABDUR RAHIM BOXI,All India Trinamool Congress,125654,503,126157,68.02,47,1,AITC
2,ALBERUNI ZULKARNAIN,Indian National Congress,19697,130,19827,10.69,47,3,INC
3,MD. KAMRUL HODA,Bahujan Samaj Party,1021,2,1023,0.55,47,6,BSP
4,MOUSUMI DAS,Bharatiya Janata Party,33990,218,34208,18.44,47,2,BJP
5,GOLAM FARUQUE,Bahujan Mukti Party,591,1,592,0.32,47,7,BMP
6,MOTIUR RAHAMAN,All India Majlis-E-Ittehadul Muslimeen,1642,1,1643,0.89,47,5,AIMM
7,NOTA,None of the Above,2032,2,2034,1.1,47,4,NOTA
1,Abishek Singhania,Bharatiya Janata Party,54326,698,55024,25.11,48,2,BJP
2,Khatun Najema,Indian National Congress,15997,176,16173,7.38,48,3,INC
3,Chaitanya Rabidas,Bahujan Samaj Party,1680,2,1682,0.77,48,7,BSP
4,Samar Mukherjee,All India Trinamool Congress,129805,869,130674,59.63,48,1,AITC
5,Arafat Ali,Welfare Party Of India,2097,5,2102,0.96,48,5,WPOI
6,Ashok Chowdhury,Independent,1383,4,1387,0.63,48,8,I
7,Payel Khatun,Independent,8596,32,8628,3.94,48,4,I
8,Sabina Easmin,Independent,856,0,856,0.39,48,9,I
9,Sk Israil,Independent,570,1,571,0.26,48,10,I
10,NOTA,None of the Above,2047,4,2051,0.94,48,6,NOTA
1,ALAM MOTTAKIN,Indian National Congress,11403,152,11555,5.58,49,3,INC
2,GOUR CHANDRA MANDAL,Bharatiya Janata Party,75415,941,76356,36.89,49,2,BJP
3,CHANCHALA KARMAKAR,Bahujan Samaj Party,1737,3,1740,0.84,49,5,BSP
4,SABITRI MITRA,All India Trinamool Congress,109085,1149,110234,53.26,49,1,AITC
5,AMAL KUMAR RABIDAS,Bahujan Mukti Party,1517,2,1519,0.73,49,6,BMP
6,ANIL CH. MANDAL,Independent,2735,8,2743,1.33,49,4,I
7,DALIM MANDAL,Independent,649,2,651,0.31,49,9,I
8,SUMITRA DAS,Independent,824,2,826,0.4,49,8,I
9,NOTA,None of the Above,1360,7,1367,0.66,49,7,NOTA
1,Ujjwal Kumar Chowdhury,All India Trinamool Congress,77152,790,77942,37.75,50,2,AITC
2,Gopal Chandra Saha,Bharatiya Janata Party,92364,1034,93398,45.23,50,1,BJP
3,Bhupendra Nath Halder (Arjun),Indian National Congress,26192,371,26563,12.86,50,3,INC
4,Mukul Sarkar,Bahujan Samaj Party,1238,2,1240,0.6,50,7,BSP
5,Santosh Kumar Sarkar,Bahujan Mukti Party,1464,5,1469,0.71,50,6,BMP
6,Mirana Sarkar,Independent,930,1,931,0.45,50,8,I
7,Sujit Kumar Moulik,Independent,2124,4,2128,1.03,50,5,I
8,NOTA,None of the Above,2804,14,2818,1.36,50,4,NOTA
1,KRISHNENDU NARAYAN CHOUDHURY,All India Trinamool Congress,86163,1493,87656,40.64,51,2,AITC
2,KOUSHIK MISRA(SAHEB),Communist Party of India (Marxist),10377,576,10953,5.08,51,3,CPI(M)
3,SREERUPA MITRA CHAUDHURY(NIRBHOY DIDI),Bharatiya Janata Party,105422,2333,107755,49.96,51,1,BJP
4,SURESH CHANDRA SARKAR,Bahujan Samaj Party,1024,15,1039,0.48,51,8,BSP
5,UMA DAS (PAUL),Janata Dal (United),273,2,275,0.13,51,10,JD(U)
6,GAUTAM SARKAR,SOCIALIST UNITY CENTRE OF INDIA (COMMUNIST),266,1,267,0.12,51,11,SUCOI(C)
7,FIROZ AKHTAR,Bahujan Mukti Party,197,4,201,0.09,51,12,BMP
8,ADITYA PRAKASH DASGUPTA,Independent,358,2,360,0.17,51,9,I
9,NARESH PAL,Independent,1125,4,1129,0.52,51,6,I
10,MD. ANISUR RAHAMAN,Independent,1786,1,1787,0.83,51,5,I
11,SATISH RAJBANSHI,Independent,1056,1,1057,0.49,51,7,I
12,NOTA,None of the Above,3168,28,3196,1.48,51,4,NOTA
1,YEASMIN SABINA,All India Trinamool Congress,96392,1005,97397,59.7,52,1,AITC
2,DULAL SK,Indian National Congress,16655,248,16903,10.36,52,3,INC
3,SHYAMCHAND GHOSH,Bharatiya Janata Party,40436,388,40824,25.02,52,2,BJP
4,MST AKTARI KHATUN,Kamatapur People’s Party (United),556,0,556,0.34,52,7,KPP(U)
5,MD. ALI KALIMULLAH (NUR HOQUE),Rashtriya Secular Majlis Party,3581,4,3585,2.2,52,4,RSMP
6,MD EBRAHIM,Communist Party of India (Marxist-Leninist) (Liberation),299,1,300,0.18,52,9,CPI(M)(L)
7,MD FARUQUE HOSSAIN(SAHITYARATNA),Indian Union Muslim League,194,1,195,0.12,52,10,IUML
8,RAMCHANDRA CHOWDHURI,Independent,182,1,183,0.11,52,11,I
9,SAIDUR RAHAMAN,Independent,495,0,495,0.3,52,8,I
10,SUBODH SARKAR,Independent,565,1,566,0.35,52,6,I
11,NOTA,None of the Above,2139,0,2139,1.31,52,5,NOTA
1,Isha Khan Choudhury,Indian National Congress,22042,240,22282,10.73,53,2,INC
2,Md Abdul Ghani,All India Trinamool Congress,151658,787,152445,73.44,53,1,AITC
3,Rafiqul Islam,Bahujan Samaj Party,1458,3,1461,0.7,53,7,BSP
4,Sk Ziauddin,Bharatiya Janata Party,14655,134,14789,7.12,53,3,BJP
5,Nasmul Hoque,Party for Democratic Socialism,546,0,546,0.26,53,8,PFDS
6,Md. Nur Islam Sekh,Rashtriya Secular Majlis Party,11162,11,11173,5.38,53,4,RSMP
7,Md Monirul Hasan,Jamat-E-Seratul Mustakim,241,0,241,0.12,53,11,JM
8,Manjur Alahi Munshi,Independent,452,2,454,0.22,53,9,I
9,Md. Saidul Hoque,Independent,352,0,352,0.17,53,10,I
10,Md. Rahim Biswas,Independent,2321,0,2321,1.12,53,5,I
11,NOTA,None of the Above,1522,5,1527,0.74,53,6,NOTA
1,AZIZUL HOQUE,Indian National Congress,37201,242,37443,17.95,54,3,INC
2,CHANDANA SARKAR,All India Trinamool Congress,82593,468,83061,39.81,54,1,AITC
3,NIKHIL CHANDRA MANDAL,Bahujan Samaj Party,2280,2,2282,1.09,54,4,BSP
4,SWADHIN KUMAR SARKAR,Bharatiya Janata Party,80094,496,80590,38.62,54,2,BJP
5,KURBAN ANSARI,Independent,1247,0,1247,0.6,54,7,I
6,SAMIR GHOSH,Independent,978,0,978,0.47,54,8,I
7,HARENDRANATH SARKAR,Independent,1344,2,1346,0.65,54,6,I
8,NOTA,None of the Above,1704,1,1705,0.82,54,5,NOTA
1,GHOSH HEMANTA,Bharatiya Janata Party,42173,201,42374,22.73,55,2,BJP
2,MAINUL HAQUE,Indian National Congress,35932,273,36205,19.42,55,3,INC
3,MANIRUL ISLAM,All India Trinamool Congress,102039,280,102319,54.89,55,1,AITC
4,MD MERAJ SORIF,Rashtriya Secular Majlis Party,1559,0,1559,0.84,55,6,RSMP
5,ANUP KUMAR SINHA,Independent,1646,1,1647,0.88,55,4,I
6,KANAI GHOSH,Independent,681,1,682,0.37,55,7,I
7,NOTA,None of the Above,1638,0,1638,0.88,55,5,NOTA
1,EMANI BISWAS,All India Trinamool Congress,126755,596,127351,58.87,57,1,AITC
2,KOUSHIK DAS,Bharatiya Janata Party,56389,261,56650,26.19,57,2,BJP
3,HUMAYUN REZA,Indian National Congress,18668,92,18760,8.67,57,3,INC
4,ANUP SINGHA,SOCIALIST UNITY CENTRE OF INDIA (COMMUNIST),842,9,851,0.39,57,7,SUCOI(C)
5,MAHFUJUR RAHAMAN,Welfare Party Of India,515,1,516,0.24,57,8,WPOI
6,ENAMUL HAQUE,Independent,482,0,482,0.22,57,9,I
7,MAIDUL ISLAM,Independent,7995,11,8006,3.7,57,4,I
8,MD. HASAN JAHANGIR,Independent,988,0,988,0.46,57,6,I
9,NOTA,None of the Above,2723,1,2724,1.26,57,5,NOTA
1,Akhruzzaman,All India Trinamool Congress,126467,367,126834,66.59,59,1,AITC
2,Abul Kashem Biswas,Indian National Congress,12737,62,12799,6.72,59,4,INC
3,Golam Modaswer,Bharatiya Janata Party,28415,106,28521,14.97,59,2,BJP
4,Md. Jakir Hossain,SOCIAL DEMOCRATIC PARTY OF INDIA,1354,7,1361,0.71,59,6,SDPOI
5,Rabiul Alam,SOCIALIST UNITY CENTRE OF INDIA (COMMUNIST),911,2,913,0.48,59,7,SUCOI(C)
6,M A Hannan,Welfare Party Of India,865,3,868,0.46,59,8,WPOI
7,Nasir Saikh,Independent,16222,22,16244,8.53,59,3,I
8,NOTA,None of the Above,2935,3,2938,1.54,59,5,NOTA
1,KHATUN MAFUJA,Bharatiya Janata Party,44692,291,44983,24.08,60,2,BJP
2,DHANANJAY BANERJEE,Bahujan Samaj Party,978,3,981,0.53,60,8,BSP
3,SUBRATA SAHA,All India Trinamool Congress,94880,309,95189,50.95,60,1,AITC
4,SK M HASANUZZAMAN (BAPPA),Indian National Congress,36055,289,36344,19.45,60,3,INC
5,ABDUT TAWAB,SOCIAL DEMOCRATIC PARTY OF INDIA,1278,2,1280,0.69,60,7,SDPOI
6,NURE MAHABOOB ALAM,All India Majlis-E-Ittehadul Muslimeen,3449,1,3450,1.85,60,4,AIMM
7,MIRZA LUTFUL HOQUE,SOCIALIST UNITY CENTRE OF INDIA (COMMUNIST),694,4,698,0.37,60,9,SUCOI(C)
8,SUPAL MURMU,Bahujan Mukti Party,1654,2,1656,0.89,60,6,BMP
9,SANTA BHATTACHERJEE,Independent,527,3,530,0.28,60,10,I
10,NOTA,None of the Above,1705,0,1705,0.91,60,5,NOTA
1,ABU HENA,Indian National Congress,46891,262,47153,24.76,61,2,INC
2,ALI MOHAMMAD,All India Trinamool Congress,107703,157,107860,56.64,61,1,AITC
3,KALPANA GHOSH,Bharatiya Janata Party,29340,124,29464,15.47,61,3,BJP
4,BHARAT CHANDRA BISWAS,Bahujan Samaj Party,850,2,852,0.45,61,7,BSP
5,KAKALI DEBNATH,Lok Jan Shakti Party,417,0,417,0.22,61,9,LJSP
6,NAJIMA KAYAL,SOCIAL DEMOCRATIC PARTY OF INDIA,953,1,954,0.5,61,6,SDPOI
7,MUNTASIR ZAMIL,SOCIALIST UNITY CENTRE OF INDIA (COMMUNIST),652,1,653,0.34,61,8,SUCOI(C)
8,ABHIJIT HALDAR,Independent,1691,0,1691,0.89,61,4,I
9,NOTA,None of the Above,1391,3,1394,0.73,61,5,NOTA
1,IDRIS ALI,All India Trinamool Congress,153430,365,153795,68.05,62,1,AITC
2,Mehebub Alam,Bharatiya Janata Party,16652,55,16707,7.39,62,3,BJP
3,MD. KAMAL HOSSAIN,Communist Party of India (Marxist),47512,275,47787,21.15,62,2,CPI(M)
4,SEIKH RABIUL ALAM,Bahujan Samaj Party,783,1,784,0.35,62,6,BSP
5,ABDUL MABUD NAYAN,SOCIALIST UNITY CENTRE OF INDIA (COMMUNIST),447,2,449,0.2,62,9,SUCOI(C)
6,ALI HOSSAIN,United Socialist Party,265,0,265,0.12,62,12,USP
7,REJAUL KARIM SK,Indian Union Muslim League,614,3,617,0.27,62,8,IUML
8,MST. SIKHA KHATUN,Bahujan Maha Party,421,0,421,0.19,62,10,BMP
9,MD. NURUL ISLAM,Independent,289,1,290,0.13,62,11,I
10,MD. MOSARAF HOSSAIN,Independent,827,0,827,0.37,62,5,I
11,SYED IMRAN ALI MEERZA,Independent,652,0,652,0.29,62,7,I
12,NOTA,None of the Above,3392,4,3396,1.5,62,4,NOTA
1,ABDUL SOUMIK HOSSAIN,All India Trinamool Congress,134346,611,134957,60.79,63,1,AITC
2,FIROZA BEGAM,Indian National Congress,54918,337,55255,24.89,63,2,INC
3,MST MASUARA KHATUN,Bharatiya Janata Party,21010,128,21138,9.52,63,3,BJP
4,RULIYA PARVIN,Bahujan Samaj Party,584,3,587,0.26,63,9,BSP
5,ABDUL HAI,Bahujan Maha Party,246,1,247,0.11,63,12,BMP
6,GOLAM MASUM REJA,Rashtriya Secular Majlis Party,2752,2,2754,1.24,63,5,RSMP
7,NASRIN NAHER LUCY,SOCIALIST UNITY CENTRE OF INDIA (COMMUNIST),497,4,501,0.23,63,10,SUCOI(C)
8,MD SAHER ALAM,SOCIAL DEMOCRATIC PARTY OF INDIA,1385,8,1393,0.63,63,6,SDPOI
9,SAIRA BIBI,United Socialist Party,198,4,202,0.09,63,13,USP
10,FIROZA BIBI,Independent,882,2,884,0.4,63,7,I
11,SAFIUR RAHAMAN MANDAL,Independent,496,0,496,0.22,63,11,I
12,HASIBUL ISLAM,Independent,827,1,828,0.37,63,8,I
13,NOTA,None of the Above,2769,5,2774,1.25,63,4,NOTA
1,GOURI SANKAR GHOSH,Bharatiya Janata Party,95330,637,95967,41.86,64,1,BJP
2,NEAJUDDIN SK,Indian National Congress,28698,137,28835,12.58,64,3,INC
3,MADAN MOHAN MANDAL,Bahujan Samaj Party,1099,0,1099,0.48,64,7,BSP
4,SHAONI SINGHA ROY,All India Trinamool Congress,93047,429,93476,40.78,64,2,AITC
5,MILIA SAJEM,SOCIALIST UNITY CENTRE OF INDIA (COMMUNIST),1004,0,1004,0.44,64,8,SUCOI(C)
6,SUJAT SK,Democratic Socialist Party of India,238,0,238,0.1,64,12,DSPI
7,HABIB SAIKH,Rashtriya Secular Majlis Party,1441,1,1442,0.63,64,6,RSMP
8,GOURI DAS SARKAR,Independent,753,0,753,0.33,64,9,I
9,BELLAL SK,Independent,2278,0,2278,0.99,64,5,I
10,MAHIRAM MURMU,Independent,535,0,535,0.23,64,11,I
11,SUBIR GHOSH,Independent,700,0,700,0.31,64,10,I
12,NOTA,None of the Above,2897,7,2904,1.27,64,4,NOTA
1,KANAI CHANDRA MONDAL,All India Trinamool Congress,99722,733,100455,48.18,65,1,AITC
2,KRIPALINI GHOSH,Communist Party of India (Marxist),38926,203,39129,18.77,65,3,CPI(M)
3,MOHAN HALDER,Bharatiya Janata Party,64485,437,64922,31.14,65,2,BJP
4,BARUN MANDAL,SOCIALIST UNITY CENTRE OF INDIA (COMMUNIST),1378,3,1381,0.66,65,5,SUCOI(C)
5,NOTA,None of the Above,2625,4,2629,1.26,65,4,NOTA
1,ADITYA MOULIK,Bharatiya Janata Party,60281,401,60682,32.64,66,2,BJP
2,ASHIS MARJIT,All India Trinamool Congress,92737,518,93255,50.15,66,1,AITC
3,BIPAD TARAN BAGDI,Indian National Congress,27336,87,27423,14.75,66,3,INC
4,TULU BALA DAS,Communist Party of India (Marxist-Leninist) (Liberation),1509,2,1511,0.81,66,5,CPI(M)(L)
5,MANIK KUMAR DAS,Janata Dal (United),1378,2,1380,0.74,66,6,JD(U)
6,NOTA,None of the Above,1683,2,1685,0.91,66,4,NOTA
1,AMIYA KUMAR DAS,Bharatiya Janata Party,78680,461,79141,44.76,67,2,BJP
2,JIBAN KRISHNA SAHA,All India Trinamool Congress,81320,570,81890,46.32,67,1,AITC
3,SHILADITYA HALDAR,Indian National Congress,12166,94,12260,6.93,67,3,INC
4,NARESH KUMAR DAS,Independent,1501,3,1504,0.85,67,5,I
5,NOTA,None of the Above,2002,6,2008,1.14,67,4,NOTA
1,APURBA SARKAR (DAVID),All India Trinamool Congress,94594,805,95399,51.16,68,1,AITC
2,GOUTAM ROY,Bharatiya Janata Party,56625,694,57319,30.74,68,2,BJP
3,SHAFIUL ALAM KHAN (BONU),Indian National Congress,27296,259,27555,14.78,68,3,INC
4,SHER ALAM,"Justice and Development Party,",357,3,360,0.19,68,7,JADP
5,SUKHEN HALDAR,SOCIALIST UNITY CENTRE OF INDIA (COMMUNIST),262,2,264,0.14,68,8,SUCOI(C)
6,BODON DAS,Independent,210,1,211,0.11,68,9,I
7,SUFAL BAGDI,Independent,473,0,473,0.25,68,6,I
8,SYED AZIZUR HOSSAIN(NASHIM),Independent,1767,2,1769,0.95,68,5,I
9,NOTA,None of the Above,3121,10,3131,1.68,68,4,NOTA
1,IMAN KALYAN MUKHERJEE,Bharatiya Janata Party,52809,334,53143,28.11,69,2,BJP
2,KAMALESH CHATTERJEE (GOPAL),Indian National Congress,30013,103,30116,15.93,69,3,INC
3,SHYAMAPADA GHOSH,Bahujan Samaj Party,1445,5,1450,0.77,69,7,BSP
4,HUMAYUN KABIR,All India Trinamool Congress,95906,320,96226,50.9,69,1,AITC
5,BADAN GHOSH,Amra Bangalee,2581,0,2581,1.37,69,4,AB
6,SAJJAD HOSSAIN,All India Majlis-E-Ittehadul Muslimeen,2067,9,2076,1.1,69,6,AIMM
7,BASUDEB SAHA,Independent,1010,1,1011,0.53,69,8,I
8,NOTA,None of the Above,2441,3,2444,1.29,69,5,NOTA
1,ARABINDA BISWAS,Bharatiya Janata Party,49611,615,50226,23.87,70,2,BJP
2,KAFIRUDDIN SK,Indian National Congress,36988,294,37282,17.72,70,3,INC
3,RABIUL ALAM CHOWDHURY,All India Trinamool Congress,117625,869,118494,56.31,70,1,AITC
4,MUJIBUR RAHAMAN,Indian Union Muslim League,1035,4,1039,0.49,70,6,IUML
5,Md. Babar Ali,SOCIALIST UNITY CENTRE OF INDIA (COMMUNIST),1338,0,1338,0.64,70,5,SUCOI(C)
6,HASANUR ZAMAN SK,Hindustani Awam Morcha (Secular),504,2,506,0.24,70,7,HAM(S)
7,NOTA,None of the Above,1550,10,1560,0.74,70,4,NOTA
1,SAFIUJJAMAN SEIKH,Indian National Congress,26742,207,26949,13.18,71,3,INC
2,SUMIT GHOSH,Bharatiya Janata Party,58417,613,59030,28.86,71,2,BJP
3,HASANUZZAMAN SK,All India Trinamool Congress,112173,689,112862,55.19,71,1,AITC
4,MD: SAGIR HOSSAIN,Democratic Socialist Party of India,1173,3,1176,0.58,71,6,DSPI
5,SARIFUL ISLAM,SOCIALIST UNITY CENTRE OF INDIA (COMMUNIST),472,6,478,0.23,71,8,SUCOI(C)
6,KAJAL GHOSH BISWAS,Independent,1965,3,1968,0.96,71,4,I
7,MUKTI PADA KONAI,Independent,678,2,680,0.33,71,7,I
8,NOTA,None of the Above,1361,7,1368,0.67,71,5,NOTA
1,Naru Gopal Mukherjee,All India Trinamool Congress,61835,653,62488,31.62,72,2,AITC
2,Manoj Chakraborty,Indian National Congress,39377,790,40167,20.33,72,3,INC
3,Sajal Sen,Bahujan Samaj Party,1081,7,1088,0.55,72,5,BSP
4,Subrata Maitra (Kanchan),Bharatiya Janata Party,87759,1581,89340,45.21,72,1,BJP
5,Goutam Ghosh (Dwarak Ghosh),SOCIALIST UNITY CENTRE OF INDIA (COMMUNIST),1029,9,1038,0.53,72,6,SUCOI(C)
6,Rekha Roy,Bahujan Mukti Party,413,1,414,0.21,72,8,BMP
7,Sujit Kumar Das,Independent,547,0,547,0.28,72,7,I
8,NOTA,None of the Above,2504,21,2525,1.28,72,4,NOTA
1,TANMOY BISWAS,Bharatiya Janata Party,18261,117,18378,8.51,73,3,BJP
2,NIAMOT SHEIKH,All India Trinamool Congress,101982,678,102660,47.51,73,1,AITC
3,MIR ALAMGIR (PALASH),Indian National Congress,88000,594,88594,41.0,73,2,INC
4,GOLAM AMBIA,SOCIALIST UNITY CENTRE OF INDIA (COMMUNIST),1711,14,1725,0.8,73,4,SUCOI(C)
5,ABUBAKKAR MANDAL,Independent,265,2,267,0.12,73,9,I
6,ALAMGIR MANDAL,Independent,230,1,231,0.11,73,10,I
7,INDRAJIT BAGDI,Independent,153,1,154,0.07,73,12,I
8,WAHED ANSARY,Independent,202,0,202,0.09,73,11,I
9,MINTU HALDAR,Independent,673,1,674,0.31,73,8,I
10,RAFIKUL ISLAM,Independent,1079,0,1079,0.5,73,6,I
11,SAHABUR RAHAMAN KHA,Independent,994,0,994,0.46,73,7,I
12,NOTA,None of the Above,1105,12,1117,0.52,73,5,NOTA
1,ANUPAM MANDAL,Bharatiya Janata Party,43238,293,43531,21.51,74,2,BJP
2,MOSARAF HOSSAIN MONDAL (MADHU),Indian National Congress,31442,146,31588,15.61,74,3,INC
3,SAHINA MOMTAZ KHAN,All India Trinamool Congress,117130,554,117684,58.16,74,1,AITC
4,MD. WASIM AKRAM,Hindustani Awam Morcha (Secular),893,0,893,0.44,74,8,HAM(S)
5,SAHIDUL ISLAM (KALU),SOCIALIST UNITY CENTRE OF INDIA (COMMUNIST),350,2,352,0.17,74,9,SUCOI(C)
6,MOSARROF HOSSAIN,Independent,252,2,254,0.13,74,10,I
7,SAMIK MANDAL,Independent,4323,70,4393,2.17,74,4,I
8,SAMINUL ANSARY,Independent,1397,0,1397,0.69,74,5,I
9,SAHINA MAMTAJ,Independent,946,3,949,0.47,74,7,I
10,NOTA,None of the Above,1301,7,1308,0.65,74,6,NOTA
1,JAFIKUL ISLAM,All India Trinamool Congress,127173,498,127671,56.45,75,1,AITC
2,BIYAMMA MONDAL (RUBIA),Bharatiya Janata Party,12247,101,12348,5.46,75,3,BJP
3,MD. MOSTAFIJUR RAHAMAN (RANA),Communist Party of India (Marxist),79968,474,80442,35.57,75,2,CPI(M)
4,AMIR SOHAIL,"Justice and Development Party,",678,1,679,0.3,75,6,JADP
5,SAMSUZZAMAN(KAJAL),SOCIALIST UNITY CENTRE OF INDIA (COMMUNIST),291,2,293,0.13,75,10,SUCOI(C)
6,HIKMAT ALI,Indian Union Muslim League,518,3,521,0.23,75,8,IUML
7,AYENUL HAQUE,Independent,469,0,469,0.21,75,9,I
8,IMAN ALI BISWAS,Independent,729,0,729,0.32,75,5,I
9,MD JEWEL MONDAL,Independent,611,1,612,0.27,75,7,I
10,NOTA,None of the Above,2413,6,2419,1.07,75,4,NOTA
1,ABDUR RAZZAK,All India Trinamool Congress,123096,744,123840,55.74,76,1,AITC
2,CHANDAN MANDAL,Bharatiya Janata Party,43395,378,43773,19.7,76,3,BJP
3,SAIFUL ISLAM MOLLA,Communist Party of India (Marxist),44224,340,44564,20.06,76,2,CPI(M)
4,ALSOKUAT JAMAN,All India Majlis-E-Ittehadul Muslimeen,1327,11,1338,0.6,76,6,AIMM
5,ENAMUL HAQUE,SOCIALIST UNITY CENTRE OF INDIA (COMMUNIST),261,3,264,0.12,76,10,SUCOI(C)
6,MD. ABDUL HAMID,Bahujan Mukti Party,277,0,277,0.12,76,9,BMP
7,SARIFUL MANDAL,"Justice and Development Party,",253,1,254,0.11,76,11,JADP
8,SUBIR KUMAR SARKAR,Amra Bangalee,381,7,388,0.17,76,8,AB
9,NABENDU KUMAR MONDAL,Independent,726,3,729,0.33,76,7,I
10,RAFIKA SULTANA,Independent,4172,17,4189,1.89,76,4,I
11,NOTA,None of the Above,2540,11,2551,1.15,76,5,NOTA
1,Jitendranath Halder,Bahujan Samaj Party,1261,11,1272,0.57,77,7,BSP
2,Prabhas Majumdar,Communist Party of India (Marxist),16885,300,17185,7.76,77,3,CPI(M)
3,Bimalendu Sinha Roy,All India Trinamool Congress,108966,1945,110911,50.07,77,1,AITC
4,Samarendranath Ghosh,Bharatiya Janata Party,85825,1511,87336,39.43,77,2,BJP
5,Dhanapati Mondal,SOCIALIST UNITY CENTRE OF INDIA (COMMUNIST),1460,9,1469,0.66,77,4,SUCOI(C)
6,Premananda Mandal,Independent,1306,4,1310,0.59,77,6,I
7,Mousumi Saha Mandal,Independent,694,1,695,0.31,77,8,I
8,NOTA,None of the Above,1316,12,1328,0.6,77,5,NOTA
1,Ashutosh Paul,Bharatiya Janata Party,89503,1430,90933,41.69,78,2,BJP
2,Tapas Kumar Saha,All India Trinamool Congress,96249,1599,97848,44.86,78,1,AITC
3,Tarak Nath Biswas,Bahujan Samaj Party,1846,30,1876,0.86,78,4,BSP
4,Subodh Chandra Biswas,Communist Party of India (Marxist),22905,334,23239,10.65,78,3,CPI(M)
5,Surya Biswas,Purvanchal Mahapanchayat,632,6,638,0.29,78,7,PM
6,Chiranjit Sardar,Independent,395,5,400,0.18,78,8,I
7,Rabindranath Halder,Independent,1437,2,1439,0.66,78,6,I
8,NOTA,None of the Above,1726,10,1736,0.8,78,5,NOTA
1,Bibhash Chandra Mandal,Bharatiya Janata Party,58144,794,58938,28.98,79,2,BJP
2,Dr. Manik Bhattacharya,All India Trinamool Congress,108872,1402,110274,54.22,79,1,AITC
3,Ratikanta Thakur,Bahujan Samaj Party,1677,13,1690,0.83,79,5,BSP
4,S.M. Sadi,Communist Party of India (Marxist),25861,367,26228,12.9,79,3,CPI(M)
5,Maniruzzaman Mondal,SOCIALIST UNITY CENTRE OF INDIA (COMMUNIST),1678,18,1696,0.83,79,4,SUCOI(C)
6,Panchanan Mandal,Independent,300,1,301,0.15,79,9,I
7,Bijoy Dutta,Independent,916,0,916,0.45,79,8,I
8,Ramesh Barman,Independent,1688,0,1688,0.83,79,6,I
9,NOTA,None of the Above,1649,5,1654,0.81,79,7,NOTA
1,MOHIUDDIN MONDAL,SOCIALIST UNITY CENTRE OF INDIA (COMMUNIST),877,2,879,0.42,80,8,SUCOI(C)
2,ABUL KASHEM,Indian National Congress,24771,305,25076,11.98,80,3,INC
3,SUJATA MANDAL,Bahujan Samaj Party,1556,11,1567,0.75,80,6,BSP
4,ABHIJIT GHOSH,Bharatiya Janata Party,63629,1080,64709,30.91,80,2,BJP
5,NASIRUDDIN AHAMED (LAL),All India Trinamool Congress,109917,1779,111696,53.35,80,1,AITC
6,JAYANTA DAS,Bharatiya Nyay-Adhikar Raksha Party,980,2,982,0.47,80,7,BNRP
7,KABIL UDDIN SHAIKH,Independent,732,0,732,0.35,80,9,I
8,ABHIJIT GHOSH,Independent,1683,4,1687,0.81,80,5,I
9,NOTA,None of the Above,2044,7,2051,0.98,80,4,NOTA
1,Amal Chandra Sarkar,Bahujan Samaj Party,1074,6,1080,0.52,81,6,BSP
2,Kallol Khan,All India Trinamool Congress,103666,1146,104812,50.01,81,1,AITC
3,Santanu Dey,Bharatiya Janata Party,82258,1283,83541,39.86,81,2,BJP
4,Sukla Saha,Communist Party of India (Marxist),5254,111,5365,2.56,81,4,CPI(M)
5,Krishnachandra Debnath,SOCIALIST UNITY CENTRE OF INDIA (COMMUNIST),322,1,323,0.15,81,9,SUCOI(C)
6,Krishnapada Pramanik,Communist Party of India (Marxist-Leninist) (Liberation),1020,3,1023,0.49,81,7,CPI(M)(L)
7,Swapan Mondal,Amra Bangalee,1003,0,1003,0.48,81,8,AB
8,Tanmay Ganguli,Independent,11194,83,11277,5.38,81,3,I
9,NOTA,None of the Above,1135,11,1146,0.55,81,5,NOTA
1,KALYAN KUMAR NANDI,Bharatiya Janata Party,57380,788,58168,27.29,82,3,BJP
2,JAHANGIR BISWAS (RAJU),Communist Party of India (Marxist),11542,180,11722,5.5,82,4,CPI(M)
3,ROKIBUL HOSSAIN MOLLA,Bahujan Samaj Party,1064,6,1070,0.5,82,7,BSP
4,RUKBANUR RAHMAN,All India Trinamool Congress,73187,679,73866,34.65,82,1,AITC
5,KANCHAN MAITRA,Rashtriya Secular Majlis Party,3848,17,3865,1.81,82,5,RSMP
6,MOZAMMEL HOSSAIN MONDAL,SOCIALIST UNITY CENTRE OF INDIA (COMMUNIST),713,0,713,0.33,82,8,SUCOI(C)
7,JEBER SEKH,Independent,61063,685,61748,28.97,82,2,I
8,NOTA,None of the Above,2016,7,2023,0.95,82,6,NOTA
1,ASHOKE CHANDRA DAS,Bahujan Samaj Party,1344,14,1358,0.67,83,7,BSP
2,KOUSHANI MUKHERJEE,All India Trinamool Congress,73153,1115,74268,36.8,83,2,AITC
3,MUKUL ROY,Bharatiya Janata Party,107492,1865,109357,54.19,83,1,BJP
4,SILVI SAHA,Indian National Congress,11108,299,11407,5.65,83,3,INC
5,JOYDIP CHAUDHURI,SOCIALIST UNITY CENTRE OF INDIA (COMMUNIST),719,8,727,0.36,83,8,SUCOI(C)
6,DIPIKA PRAMANIK,Purvanchal Mahapanchayat,1455,5,1460,0.72,83,5,PM
7,SADHAN KUMAR MANDAL,Independent,1370,7,1377,0.68,83,6,I
8,NOTA,None of the Above,1823,28,1851,0.92,83,4,NOTA
1,PUNDARIKAKSHYA SAHA,All India Trinamool Congress,100661,1509,102170,48.52,84,1,AITC
2,RAJNATH SARKAR,Bahujan Samaj Party,1611,6,1617,0.77,84,5,BSP
3,SIDHARTHA SHANKAR NASKAR,Bharatiya Janata Party,82626,973,83599,39.7,84,2,BJP
4,SWARNENDU SINHA,Communist Party of India (Marxist),18218,322,18540,8.8,84,3,CPI(M)
5,RAMKRISHNA HALDER,Lok Jan Shakti Party,1131,5,1136,0.54,84,7,LJSP
6,SOUMEN SAHA,Independent,1177,6,1183,0.56,84,6,I
7,NOTA,None of the Above,2331,13,2344,1.11,84,4,NOTA
1,UJJAL BISWAS,All India Trinamool Congress,90842,896,91738,46.88,85,1,AITC
2,BISWAS SUMIT,Communist Party of India (Marxist),15414,192,15606,7.98,85,3,CPI(M)
3,MAHADEV SARKAR,Bharatiya Janata Party,81609,824,82433,42.13,85,2,BJP
4,SWAPAN KUMAR SARKAR,Bahujan Samaj Party,1214,3,1217,0.62,85,5,BSP
5,SANTU BHATTACHARYA,Communist Party of India (Marxist-Leninist) (Liberation),865,3,868,0.44,85,7,CPI(M)(L)
6,ANANDA MODAK,Independent,1072,4,1076,0.55,85,6,I
7,DEBASISH MAJHI,Independent,582,0,582,0.3,85,8,I
8,NOTA,None of the Above,2156,9,2165,1.11,85,4,NOTA
1,AJOY DEY,All India Trinamool Congress,92715,1129,93844,42.72,86,2,AITC
2,RITZU GHOSAL,Indian National Congress,9725,123,9848,4.48,86,3,INC
3,JAGANNATH SARKAR,Bharatiya Janata Party,108638,1084,109722,49.94,86,1,BJP
4,PROFULLA KUMAR ROY,Bahujan Samaj Party,1288,6,1294,0.59,86,5,BSP
5,NADIA CHAND BISWAS,SOCIALIST UNITY CENTRE OF INDIA (COMMUNIST),599,9,608,0.28,86,8,SUCOI(C)
6,SUKDEB BISWAS,Purvanchal Mahapanchayat,1095,4,1099,0.5,86,6,PM
7,SUFAL SARKAR,Jan Sangh Party,885,7,892,0.41,86,7,JSP
8,NOTA,None of the Above,2364,21,2385,1.09,86,4,NOTA
1,AMAL SARKAR,Bahujan Samaj Party,1299,13,1312,0.59,87,5,BSP
2,PARTHASARATHI CHATTERJEE,Bharatiya Janata Party,112413,1224,113637,50.91,87,1,BJP
3,BIJAYENDU BISWAS (HABU),Indian National Congress,10134,211,10345,4.64,87,3,INC
4,SANKAR SINGHA,All India Trinamool Congress,89503,1006,90509,40.55,87,2,AITC
5,APARNA GUHA,SOCIALIST UNITY CENTRE OF INDIA (COMMUNIST),1062,6,1068,0.48,87,9,SUCOI(C)
6,SOURAV CHAKRABORTY,Socialist Party (India),701,0,701,0.31,87,10,SP(I)
7,ALPANA BANDYOPADHYAY,Independent,1064,6,1070,0.48,87,8,I
8,RATAN MALAKAR,Independent,1157,3,1160,0.52,87,6,I
9,RABINDRA NATH BISWAS,Independent,1125,8,1133,0.51,87,7,I
10,NOTA,None of the Above,2216,42,2258,1.01,87,4,NOTA
1,ASHIS KUMAR BISWAS,Bharatiya Janata Party,116397,1271,117668,50.73,88,1,BJP
2,JHUNU BAIDYA,Communist Party of India (Marxist),10761,152,10913,4.71,88,3,CPI(M)
3,DR. TAPAS MANDAL,All India Trinamool Congress,95406,985,96391,41.56,88,2,AITC
4,DIPALI BISWAS,Bahujan Samaj Party,1781,20,1801,0.78,88,5,BSP
5,ANUP KUMAR MONDAL,New Democratic Party of India,365,2,367,0.16,88,9,NDPI
6,ASIT BARAN BISWAS,SOCIALIST UNITY CENTRE OF INDIA (COMMUNIST),481,3,484,0.21,88,8,SUCOI(C)
7,SANAND ADHIKARY,Purvanchal Mahapanchayat,1379,1,1380,0.59,88,6,PM
8,ASHIS BISWAS,Independent,832,3,835,0.36,88,7,I
9,NOTA,None of the Above,2091,8,2099,0.9,88,4,NOTA
1,ASHIM BISWAS,Bharatiya Janata Party,115665,1121,116786,54.39,89,1,BJP
2,SANJIT KUMAR MANDAL,Bahujan Samaj Party,2087,30,2117,0.99,89,5,BSP
3,SAMIR KUMAR PODDAR,All India Trinamool Congress,84146,858,85004,39.59,89,2,AITC
4,DINESH CHANDRA BISWAS,Rashtriya Secular Majlis Party,5115,89,5204,2.42,89,3,RSMP
5,SAMIR KUMAR BISWAS,Bahujan Mukti Party,486,2,488,0.23,89,8,BMP
6,SWADHIN BISWAS,Purvanchal Mahapanchayat,482,3,485,0.23,89,9,PM
7,APURBA LAL ROY,Independent,1224,4,1228,0.57,89,6,I
8,KAMAL SARKAR,Independent,1060,5,1065,0.5,89,7,I
9,NOTA,None of the Above,2339,20,2359,1.1,89,4,NOTA
1,PRASANTA BISWAS,Bahujan Samaj Party,1654,12,1666,0.69,90,4,BSP
2,BARNALI DEY ROY,All India Trinamool Congress,101882,863,102745,42.51,90,2,AITC
3,MUKUT MANI ADHIKARI,Bharatiya Janata Party,118374,886,119260,49.34,90,1,BJP
4,RAMA BISWAS,Communist Party of India (Marxist),14921,203,15124,6.26,90,3,CPI(M)
5,NANIGOPAL MISTRI,SOCIALIST UNITY CENTRE OF INDIA (COMMUNIST),1313,2,1315,0.54,90,6,SUCOI(C)
6,NOTA,None of the Above,1561,16,1577,0.65,90,5,NOTA
1,Arun Majumdar,Bahujan Samaj Party,976,19,995,0.47,91,8,BSP
2,Narayan Das Gupta,Communist Party of India (Marxist),17401,411,17812,8.4,91,3,CPI(M)
3,Bankim Chandra Ghosh,Bharatiya Janata Party,97955,1413,99368,46.86,91,1,BJP
4,Subhankar Singha (Jishu),All India Trinamool Congress,86105,1583,87688,41.35,91,2,AITC
5,Bidhan Ghosh,Bharatiya Nyay-Adhikar Raksha Party,1670,13,1683,0.79,91,4,BNRP
6,Ashoke Kumar Das,Independent,1182,11,1193,0.56,91,7,I
7,Tapan Biswas,Independent,1362,8,1370,0.65,91,6,I
8,Bhowmick Koushik,Independent,465,3,468,0.22,91,9,I
9,NOTA,None of the Above,1475,12,1487,0.7,91,5,NOTA
1,ANIRUDDHA BISWAS,All India Trinamool Congress,93421,1399,94820,43.03,92,2,AITC
2,AMBIKA ROY,Bharatiya Janata Party,95995,1031,97026,44.04,92,1,BJP
3,GOUTAM MALO,Bahujan Samaj Party,1631,30,1661,0.75,92,5,BSP
4,SABUJ DAS,Communist Party of India (Marxist),21562,603,22165,10.06,92,3,CPI(M)
5,SANGRAM BISWAS,Party for Democratic Socialism,669,4,673,0.31,92,7,PFDS
6,AGNIV HIRA,Independent,456,3,459,0.21,92,8,I
7,AMIT KUMAR DAS,Independent,955,2,957,0.43,92,6,I
8,NOTA,None of the Above,2556,21,2577,1.17,92,4,NOTA
1,ALAKESH DAS,Communist Party of India (Marxist),24635,165,24800,11.76,93,3,CPI(M)
2,ASIM KUMAR SARKAR,Bharatiya Janata Party,96970,696,97666,46.31,93,1,BJP
3,NILIMA NAG (MALLICK),All India Trinamool Congress,81686,780,82466,39.11,93,2,AITC
4,SAMIR BISWAS,Bahujan Samaj Party,1153,0,1153,0.55,93,6,BSP
5,Biplab Chandra Das,SOCIALIST UNITY CENTRE OF INDIA (COMMUNIST),403,1,404,0.19,93,9,SUCOI(C)
6,MADHAB BISWAS,Party for Democratic Socialism,376,0,376,0.18,93,10,PFDS
7,HARISH CHANDRA BISWAS,Purvanchal Mahapanchayat,444,2,446,0.21,93,8,PM
8,NAYAN HALDER,Independent,1154,2,1156,0.55,93,5,I
9,SHIBU DAS,Independent,980,0,980,0.46,93,7,I
10,NOTA,None of the Above,1420,7,1427,0.68,93,4,NOTA
1,Kirttaniya Prabir (Bapi),Indian National Congress,8099,151,8250,3.77,94,3,INC
2,Paritosh Kumar Saha,All India Trinamool Congress,97335,984,98319,44.94,94,2,AITC
3,Biswajit Das,Bharatiya Janata Party,107242,869,108111,49.41,94,1,BJP
4,Santosh Biswas,Bahujan Samaj Party,2229,11,2240,1.02,94,4,BSP
5,Pradip Kumar Biswas,Independent,848,3,851,0.39,94,6,I
6,NOTA,None of the Above,1012,8,1020,0.47,94,5,NOTA
1,ASHOK KIRTANIA,Bharatiya Janata Party,96676,1085,97761,47.65,95,1,BJP
2,PIJUSH KANTI SAHA,Communist Party of India (Marxist),13780,271,14051,6.85,95,3,CPI(M)
3,SHYAMAL ROY,All India Trinamool Congress,86403,870,87273,42.54,95,2,AITC
4,SUNITI MALLICK,Bahujan Samaj Party,1078,4,1082,0.53,95,6,BSP
5,ARPITA MONDAL,Amra Bangalee,423,2,425,0.21,95,8,AB
6,SHYAMSUNDAR HALDAR,SOCIALIST UNITY CENTRE OF INDIA (COMMUNIST),226,2,228,0.11,95,10,SUCOI(C)
7,SUBRATA BISWAS,Bahujan Mukti Party,140,1,141,0.07,95,11,BMP
8,ARABINDA BISWAS,Independent,320,1,321,0.16,95,9,I
9,DINESH DAS,Independent,1478,2,1480,0.72,95,5,I
10,SUBHASIS BISWAS,Independent,578,2,580,0.28,95,7,I
11,NOTA,None of the Above,1818,15,1833,0.89,95,4,NOTA
1,ALO RANI SARKAR,All India Trinamool Congress,94889,935,95824,46.11,96,2,AITC
2,TAPAS KUMAR BISWAS,Communist Party of India (Marxist),9894,175,10069,4.84,96,3,CPI(M)
3,PRADIP KUMAR SARKAR,Bahujan Samaj Party,818,2,820,0.39,96,6,BSP
4,SWAPAN MAJUMDER,Bharatiya Janata Party,96862,966,97828,47.07,96,1,BJP
5,RABINDRA NATH BARAI,SOCIALIST UNITY CENTRE OF INDIA (COMMUNIST),947,6,953,0.46,96,5,SUCOI(C)
6,ALOKE BAIN,Independent,461,1,462,0.22,96,7,I
7,SUSHANTA KUMAR SARKAR,Independent,332,4,336,0.16,96,8,I
8,NOTA,None of the Above,1529,13,1542,0.74,96,4,NOTA
1,KAPIL KRISHNA THAKUR,Communist Party of India,14576,262,14838,6.96,97,3,CPI
2,NAROTTAM BISWAS,All India Trinamool Congress,90150,1080,91230,42.78,97,2,AITC
3,BEAUTY SARKAR,Bahujan Samaj Party,1378,7,1385,0.65,97,6,BSP
4,SUBRATA THAKUR,Bharatiya Janata Party,99753,1055,100808,47.27,97,1,BJP
5,NANIBALA BISWAS (DAS),SOCIALIST UNITY CENTRE OF INDIA (COMMUNIST),808,6,814,0.38,97,7,SUCOI(C)
6,TUSHAR KANTI HALDER,Independent,685,1,686,0.32,97,8,I
7,BISWAJIT ROY,Independent,545,2,547,0.26,97,9,I
8,DR. SAJAL BISWAS,Independent,1521,5,1526,0.72,97,4,I
9,NOTA,None of the Above,1399,10,1409,0.66,97,5,NOTA
1,BISWAJIT MANDAL,Communist Party of India (Marxist),43164,118,43282,20.43,98,3,CPI(M)
2,BINA MONDAL,All India Trinamool Congress,99438,346,99784,47.11,98,1,AITC
3,BRINDABAN SARKAR,Bharatiya Janata Party,64666,318,64984,30.68,98,2,BJP
4,DEBABRATA BISWAS,SOCIALIST UNITY CENTRE OF INDIA (COMMUNIST),820,1,821,0.39,98,6,SUCOI(C)
5,PRABIR SARKAR,Independent,753,1,754,0.36,98,7,I
6,MRINMOY MONDAL,Independent,923,0,923,0.44,98,5,I
7,NOTA,None of the Above,1254,2,1256,0.59,98,4,NOTA
1,ABDUR RAHIM QUAZI,All India Trinamool Congress,109200,501,109701,51.53,99,1,AITC
2,ABDUS SATTAR,Indian National Congress,45095,136,45231,21.25,99,3,INC
3,GOPAL DAS,Bahujan Samaj Party,1268,10,1278,0.6,99,5,BSP
4,SUKALYAN BAIDYA,Bharatiya Janata Party,52930,327,53257,25.02,99,2,BJP
5,NITAI KRISHNA PAL,SOCIALIST UNITY CENTRE OF INDIA (COMMUNIST),616,3,619,0.29,99,7,SUCOI(C)
6,SAFIKUL ISLAM DAFADAR,Independent,844,0,844,0.4,99,6,I
7,NOTA,None of the Above,1952,1,1953,0.92,99,4,NOTA
1,RIJINANDAN BISWAS,Communist Party of India (Marxist),21781,213,21994,10.77,100,3,CPI(M)
2,JYOTI PRIYA MALLICK,All India Trinamool Congress,89860,673,90533,44.34,100,1,AITC
3,BISWAJIT SINHA,Bharatiya Janata Party,86208,484,86692,42.46,100,2,BJP
4,SANTOSH BISWAS,Bahujan Samaj Party,1120,5,1125,0.55,100,5,BSP
5,KISHOR BISWAS,Purvanchal Mahapanchayat,360,0,360,0.18,100,8,PM
6,PROBODH KUMAR SARKAR,SOCIALIST UNITY CENTRE OF INDIA (COMMUNIST),1054,8,1062,0.52,100,7,SUCOI(C)
7,AMAR KRISHNA MANDAL,Independent,1113,2,1115,0.55,100,6,I
8,NOTA,None of the Above,1276,14,1290,0.63,100,4,NOTA
1,JAGADISH RAY,Bahujan Samaj Party,1051,2,1053,0.49,101,7,BSP
2,TANUJA CHAKRABORTY,Bharatiya Janata Party,69505,550,70055,32.32,101,2,BJP
3,NARAYAN GOSWAMI,All India Trinamool Congress,92573,1014,93587,43.18,101,1,AITC
4,ANGSHUMALI BARAI,Guru Chand Mukti Morcha,1269,9,1278,0.59,101,6,GCMM
5,TAPAS BANERJEE,Rashtriya Secular Majlis Party,45386,409,45795,21.13,101,3,RSMP
6,TARAK RAJAK DAS,SOCIALIST UNITY CENTRE OF INDIA (COMMUNIST),737,2,739,0.34,101,9,SUCOI(C)
7,TANUJA CHAKRABORTY,Independent,1551,5,1556,0.72,101,5,I
8,DR. SUMAY HIRA,Independent,1045,5,1050,0.48,101,8,I
9,NOTA,None of the Above,1604,7,1611,0.74,101,4,NOTA
1,JOYDEV MANNA,Bharatiya Janata Party,63238,217,63455,29.97,102,2,BJP
2,RAFIQUR RAHAMAN,All India Trinamool Congress,88689,246,88935,42.0,102,1,AITC
3,SHAFIQUE ALI,Bahujan Samaj Party,1036,2,1038,0.49,102,7,BSP
4,GOUTAM BISWAS,SOCIALIST UNITY CENTRE OF INDIA (COMMUNIST),567,4,571,0.27,102,9,SUCOI(C)
5,JAMAL UDDIN,Rashtriya Secular Majlis Party,50797,108,50905,24.04,102,3,RSMP
6,SAHAJAN ALI,United Socialist Party,968,0,968,0.46,102,8,USP
7,HARI PADA BISWAS,Lok Jan Shakti Party,518,0,518,0.24,102,10,LJSP
8,MAFID MONDAL,Independent,1289,1,1290,0.61,102,6,I
9,RANJIT SANTRA,Independent,1738,0,1738,0.82,102,5,I
10,NOTA,None of the Above,2314,10,2324,1.1,102,4,NOTA
1,ARJUN KRISHNA BARAI,Bahujan Samaj Party,871,7,878,0.63,103,6,BSP
2,SUBHRANSHU ROY,Bharatiya Janata Party,52873,405,53278,38.3,103,2,BJP
3,SUKANTA RAKSHIT (BABIN),Communist Party of India (Marxist),14267,223,14490,10.42,103,3,CPI(M)
4,SUBODH ADHIKARY,All India Trinamool Congress,65954,671,66625,47.9,103,1,AITC
5,KALIPADA DEBNATH,SOCIALIST UNITY CENTRE OF INDIA (COMMUNIST),1534,8,1542,1.11,103,4,SUCOI(C)
6,AVIJIT BISWAS,Independent,391,5,396,0.28,103,8,I
7,SUDHANSU SAHA,Independent,651,9,660,0.47,103,7,I
8,NOTA,None of the Above,1222,5,1227,0.88,103,5,NOTA
1,INDRANI KUNDU MUKHERJEE,Communist Party of India (Marxist),15598,227,15825,10.11,104,3,CPI(M)
2,PABITRA ROY,Bahujan Samaj Party,906,7,913,0.58,104,6,BSP
3,PARTHA BHOWMICK,All India Trinamool Congress,76925,828,77753,49.69,104,1,AITC
4,PHALGUNI PATRA,Bharatiya Janata Party,58481,417,58898,37.64,104,2,BJP
5,KANAI DAS,Independent,1373,5,1378,0.88,104,5,I
6,NOTA,None of the Above,1689,12,1701,1.09,104,4,NOTA
1,AJAY KUMAR RAM,Bahujan Samaj Party,677,5,682,0.64,105,6,BSP
2,JITENDRA SHAW (JITU),All India Trinamool Congress,43385,172,43557,40.63,105,2,AITC
3,DHARMENDRA SHAW,Indian National Congress,2144,25,2169,2.02,105,3,INC
4,PAWAN KUMAR SINGH,Bharatiya Janata Party,57050,194,57244,53.4,105,1,BJP
5,PARTHA BHATTACHARYYA,SOCIALIST UNITY CENTRE OF INDIA (COMMUNIST),590,2,592,0.55,105,8,SUCOI(C)
6,UDAY VEER CHOUDHURY,Independent,190,1,191,0.18,105,10,I
7,VINOD KISHOR VERMA,Independent,743,1,744,0.69,105,5,I
8,MUNEEL KUMAR RAJAK,Independent,248,0,248,0.23,105,9,I
9,SABARI CHOWDHURY,Independent,609,1,610,0.57,105,7,I
10,NOTA,None of the Above,1146,14,1160,1.08,105,4,NOTA
1,ARINDAM BHATTACHARYA,Bharatiya Janata Party,68221,445,68666,37.88,106,2,BJP
2,KRISHNA CHANDRA SARKAR,Bahujan Samaj Party,899,9,908,0.5,106,6,BSP
3,NEMAI SAHA,All India Forward Bloc,16555,193,16748,9.24,106,3,AIFB
4,SOMENATH SHYAM ICHINI,All India Trinamool Congress,86266,764,87030,48.01,106,1,AITC
5,RATANMOHAN LASKAR,SOCIALIST UNITY CENTRE OF INDIA (COMMUNIST),800,7,807,0.45,106,8,SUCOI(C)
6,AJAY MAJUMDAR,Independent,436,0,436,0.24,106,12,I
7,DEBASISH BHATTACHARJEE,Independent,443,1,444,0.24,106,11,I
8,BRAHMDEO GUPTA,Revolutionary Socialist Party of India(Marxist),259,1,260,0.14,106,13,RSPI
9,RAJA ANSARI,Independent,452,2,454,0.25,106,10,I
10,SUVAMAY PAN,Independent,1514,8,1522,0.84,106,5,I
11,SURAJ TIWARI,Independent,567,2,569,0.31,106,9,I
12,SOMNATH SARKAR,Independent,868,7,875,0.48,106,7,I
13,NOTA,None of the Above,2558,10,2568,1.42,106,4,NOTA
1,MANJU BASU,All India Trinamool Congress,93515,688,94203,48.9,107,1,AITC
2,RAJENDRA CHOUDHARY,Bahujan Samaj Party,1289,16,1305,0.68,107,5,BSP
3,SUBHANKAR SARKAR,Indian National Congress,23210,292,23502,12.2,107,3,INC
4,SUNIL SINGH,Bharatiya Janata Party,67098,395,67493,35.04,107,2,BJP
5,RANJIT BISWAS,Guru Chand Mukti Morcha,657,4,661,0.34,107,7,GCMM
6,AMIT KUMAR SHAW,Independent,276,1,277,0.14,107,11,I
7,ANAND PANDEY,Independent,306,3,309,0.16,107,10,I
8,RABISHANKAR PAUL,Independent,857,0,857,0.44,107,6,I
9,RABINDRA NATH BISWAS,Independent,613,9,622,0.32,107,8,I
10,SWAPAN KUMAR DEBNATH,Independent,513,6,519,0.27,107,9,I
11,NOTA,None of the Above,2873,13,2886,1.5,107,4,NOTA
1,CHANDRAMANI SHUKLA,Bharatiya Janata Party,59255,410,59665,40.25,108,2,BJP
2,TAPASH SARKAR,Bahujan Samaj Party,955,15,970,0.65,108,5,BSP
3,DEBASISH BHOWMICK,Communist Party of India (Marxist),15932,213,16145,10.89,108,3,CPI(M)
4,RAJU CHAKRABORTY (RAJ),All India Trinamool Congress,68441,446,68887,46.47,108,1,AITC
5,KUMAR BISHAL YADAB,Independent,650,2,652,0.44,108,6,I
6,NOTA,None of the Above,1923,7,1930,1.3,108,4,NOTA
1,KAJAL SINHA,All India Trinamool Congress,89413,394,89807,49.04,109,1,AITC
2,DEBAJYOTI DAS (SUBHO),Communist Party of India (Marxist),26730,186,26916,14.7,109,3,CPI(M)
3,SILBHADRA DATTA,Bharatiya Janata Party,61372,295,61667,33.67,109,2,BJP
4,SAMAR DAS,Bahujan Samaj Party,1091,6,1097,0.6,109,5,BSP
5,BISWAJIT DAS,Independent,636,1,637,0.35,109,6,I
6,RAJU GHOSH,Independent,605,3,608,0.33,109,7,I
7,NOTA,None of the Above,2407,8,2415,1.32,109,4,NOTA
1,DR. ARCHANA MAJUMDAR,Bharatiya Janata Party,66739,227,66966,31.42,110,2,BJP
2,CHANDRIMA BHATTACHARYA,All India Trinamool Congress,95078,387,95465,44.79,110,1,AITC
3,TANMOY BHATTACHARYA,Communist Party of India (Marxist),45462,266,45728,21.45,110,3,CPI(M)
4,SOVA HOWLADER,Bahujan Samaj Party,996,9,1005,0.47,110,6,BSP
5,SANTANU MANDAL,Democratic Socialist Party of India,642,3,645,0.3,110,7,DSPI
6,SUNIL SINGH,Bharatiya Nyay-Adhikar Raksha Party,1223,6,1229,0.58,110,5,BNRP
7,NOTA,None of the Above,2107,4,2111,0.99,110,4,NOTA
1,TAPAS MAJUMDER,Indian National Congress,21002,167,21169,12.14,111,3,INC
2,NIRMAL GHOSH,All India Trinamool Congress,85994,501,86495,49.61,111,1,AITC
3,BHASKAR ROY,Bahujan Samaj Party,1320,6,1326,0.76,111,5,BSP
4,SANMOY BANDYOPADHYAY,Bharatiya Janata Party,60987,331,61318,35.17,111,2,BJP
5,MANISHA DASGUPTA,SOCIALIST UNITY CENTRE OF INDIA (COMMUNIST),878,9,887,0.51,111,6,SUCOI(C)
6,IMRAN KHAN,Independent,827,0,827,0.47,111,7,I
7,NOTA,None of the Above,2326,8,2334,1.34,111,4,NOTA
1,Anindya Banerjee,Bharatiya Janata Party,38235,202,38437,26.64,112,2,BJP
2,MADAN MITRA,All India Trinamool Congress,73491,354,73845,51.17,112,1,AITC
3,Sayandeep Mitra,Communist Party of India (Marxist),28138,172,28310,19.62,112,3,CPI(M)
4,BIDISHA ROYCHOWDHURY,Party for Democratic Socialism,488,0,488,0.34,112,6,PFDS
5,Rajesh Sah,Jan Sangh Party,145,0,145,0.1,112,10,JSP
6,Aninda Banerjee,Independent,186,2,188,0.13,112,8,I
7,Kapil Chandra Ghosh,Independent,174,4,178,0.12,112,9,I
8,SANJIB PANDIT,Independent,335,3,338,0.23,112,7,I
9,Satya Brata Bandyopadhyay,Independent,823,5,828,0.57,112,5,I
10,NOTA,None of the Above,1546,7,1553,1.08,112,4,NOTA
1,AMAL KUMAR MUKHOPADHYAY,Indian National Congress,19883,252,20135,12.56,113,3,INC
2,TAPAS ROY,All India Trinamool Congress,84756,859,85615,53.42,113,1,AITC
3,PARNO MITTRA,Bharatiya Janata Party,50155,313,50468,31.49,113,2,BJP
4,SURAJIT GHOSH,National Republic Party Of India,535,3,538,0.34,113,6,NRPOI
5,SHYAMAL CK,Independent,491,4,495,0.31,113,7,I
6,SUBRATA DE,Independent,628,2,630,0.39,113,5,I
7,NOTA,None of the Above,2365,13,2378,1.48,113,4,NOTA
1,PALASH DAS,Communist Party of India (Marxist),30520,133,30653,16.54,114,3,CPI(M)
2,BIMALSHANKAR NANDA,Bharatiya Janata Party,61038,230,61268,33.06,114,2,BJP
3,BRTYA BASU,All India Trinamool Congress,87543,456,87999,47.48,114,1,AITC
4,SUBRATA KR. MAJUMDER,Bahujan Samaj Party,975,5,980,0.53,114,5,BSP
5,RANA PAL CHOUDHURY,Bharatiya Nyay-Adhikar Raksha Party,737,2,739,0.4,114,7,BNRP
6,SHREE RAJU GHOSH,Independent,462,2,464,0.25,114,8,I
7,RUPA SARKAR,Independent,771,3,774,0.42,114,6,I
8,SUBRATA SEN,Independent,417,1,418,0.23,114,9,I
9,NOTA,None of the Above,2035,4,2039,1.1,114,4,NOTA
1,BHASKAR ROY S/O - DULAL ROY,Bharatiya Janata Party,70658,284,70942,30.2,115,2,BJP
2,BHASKAR ROY S/O - KRISHNA KANTA ROY,Bahujan Samaj Party,1127,10,1137,0.48,115,6,BSP
3,SAPTARSHI DEB,Communist Party of India (Marxist),31419,124,31543,13.43,115,3,CPI(M)
4,TAPASH CHATTERJEE,All India Trinamool Congress,126945,429,127374,54.22,115,1,AITC
5,SUBHENDU GHOSH,Independent,1310,3,1313,0.56,115,5,I
6,SUBIR SAMADDAR,Independent,563,2,565,0.24,115,7,I
7,NOTA,None of the Above,2028,4,2032,0.87,115,4,NOTA
1,ABHISEK BANERJEE,Indian National Congress,12664,157,12821,7.91,116,3,INC
2,SABYA SACHI DUTTA S/O - LATE GOURI SANKAR DUTTA,Bharatiya Janata Party,67548,367,67915,41.91,116,2,BJP
3,SMRITI KANA HOWLADER,Bahujan Samaj Party,604,7,611,0.38,116,6,BSP
4,SUJIT BOSE S/O - LATE AJIT BOSE,All India Trinamool Congress,75306,606,75912,46.85,116,1,AITC
5,BIPLAB KUMAR HALDER,Independent,453,1,454,0.28,116,9,I
6,SABYASACHI DUTTA S/O - LATE SHYAMAL DUTTA,Independent,540,5,545,0.34,116,7,I
7,SAMIR SARDAR,Independent,643,4,647,0.4,116,5,I
8,SUJIT BOSE S/O - LATE SAMIR BOSE,Independent,485,11,496,0.31,116,8,I
9,SUSOMA LOHO,Independent,417,4,421,0.26,116,10,I
10,NOTA,None of the Above,2198,15,2213,1.37,116,4,NOTA
1,ADITI MUNSHI,All India Trinamool Congress,87219,431,87650,49.04,117,1,AITC
2,SAMIK BHATTACHARYA,Bharatiya Janata Party,62092,262,62354,34.89,117,2,BJP
3,SUBHAJIT DASGUPTA,Communist Party of India (Marxist),24333,178,24511,13.71,117,3,CPI(M)
4,JAGANMOY KARMAKAR,SOCIALIST UNITY CENTRE OF INDIA (COMMUNIST),454,1,455,0.25,117,5,SUCOI(C)
5,RINA DEY,Bharatiya Nyay-Adhikar Raksha Party,365,5,370,0.21,117,6,BNRP
6,APURBA MONDAL,Independent,94,1,95,0.05,117,11,I
7,AMITAVA BASU,Independent,90,0,90,0.05,117,12,I
8,INDRANI HALDER,Independent,82,2,84,0.05,117,13,I
9,GOPAL MONDAL,Independent,101,1,102,0.06,117,10,I
10,DR. NITAI CHANDRA ROY,Independent,149,1,150,0.08,117,9,I
11,MD. JAVED,Independent,279,1,280,0.16,117,8,I
12,LALU NEYE,Independent,324,0,324,0.18,117,7,I
13,NOTA,None of the Above,2251,7,2258,1.26,117,4,NOTA
1,RATHIN GHOSH,All India Trinamool Congress,111610,1131,112741,48.93,118,1,AITC
2,RAJASREE RAJBANSHI,Bharatiya Janata Party,64193,422,64615,28.04,118,2,BJP
3,HIMANGSHU MONDAL,Bahujan Samaj Party,1652,15,1667,0.72,118,5,BSP
4,BIPLAB DUTTA,SOCIALIST UNITY CENTRE OF INDIA (COMMUNIST),624,15,639,0.28,118,7,SUCOI(C)
5,BISWAJIT MAITY,Rashtriya Secular Majlis Party,46461,287,46748,20.29,118,3,RSMP
6,SAIFUDDIN MONDAL,Independent,863,6,869,0.38,118,6,I
7,NOTA,None of the Above,3137,15,3152,1.37,118,4,NOTA
1,CHIRANJEET CHAKRABARTI,All India Trinamool Congress,103956,475,104431,46.27,119,1,AITC
2,SANKAR CHATTERJEE,Bharatiya Janata Party,80189,459,80648,35.73,119,2,BJP
3,SANJIB CHATTOPADHYAY,All India Forward Bloc,33933,238,34171,15.14,119,3,AIFB
4,SUNIL CHANDRA ROY,Bahujan Samaj Party,934,6,940,0.42,119,5,BSP
5,KSHAMA DEBNATH (PANDA),SOCIALIST UNITY CENTRE OF INDIA (COMMUNIST),415,3,418,0.19,119,10,SUCOI(C)
6,MOHAN LAL ADHIKARI,Amra Bangalee,568,8,576,0.26,119,7,AB
7,SUDARSHAN DAS,Jan Sangh Party,490,6,496,0.22,119,9,JSP
8,AMIT KUMAR CHAKRABORTY,Independent,565,7,572,0.25,119,8,I
9,TARUN DHAR,Independent,765,2,767,0.34,119,6,I
10,NOTA,None of the Above,2678,10,2688,1.19,119,4,NOTA
1,DIPIKA CHATTARJEE,Bharatiya Janata Party,38308,138,38446,17.93,120,3,BJP
2,MD. HASANOOR JAMAN CHOWDHURY,All India Forward Bloc,2930,12,2942,1.37,120,4,AIFB
3,RAHIMA MONDAL,All India Trinamool Congress,99686,419,100105,46.7,120,1,AITC
4,SATTAR ALI,Bahujan Samaj Party,1353,1,1354,0.63,120,6,BSP
5,AJOY SADHUKHAN,SOCIALIST UNITY CENTRE OF INDIA (COMMUNIST),787,0,787,0.37,120,8,SUCOI(C)
6,KARIM ALI,Rashtriya Secular Majlis Party,67454,114,67568,31.52,120,2,RSMP
7,MD. RAFIKUL ISLAM,Welfare Party Of India,1075,3,1078,0.5,120,7,WPOI
8,NOTA,None of the Above,2098,2,2100,0.98,120,5,NOTA
1,ISLAM SK NURUL (HAJI),All India Trinamool Congress,129743,655,130398,57.34,121,1,AITC
2,RAJENDRA SAHA (SOMU),Bharatiya Janata Party,38349,157,38506,16.93,121,3,BJP
3,AKHER ALI MOLLA,United Socialist Party,2395,6,2401,1.06,121,6,USP
4,ABUL KALAM,"Justice and Development Party,",1254,2,1256,0.55,121,7,JADP
5,KUTUBUDDIN FATHE,Rashtriya Secular Majlis Party,49326,94,49420,21.73,121,2,RSMP
6,MD KUTUBUDDIN,Independent,2484,0,2484,1.09,121,5,I
7,NOTA,None of the Above,2928,2,2930,1.29,121,4,NOTA
1,USHA RANI MONDAL,All India Trinamool Congress,109471,347,109818,51.72,122,1,AITC
2,JAYANTA MONDAL,Bharatiya Janata Party,53839,149,53988,25.42,122,2,BJP
3,PRADYUT ROY,Communist Party of India (Marxist),44520,86,44606,21.01,122,3,CPI(M)
4,NOTA,None of the Above,3937,3,3940,1.86,122,4,NOTA
1,DR. BHASKAR SARDAR,Bharatiya Janata Party,72416,349,72765,35.36,123,2,BJP
2,SUKUMAR MAHATA,All India Trinamool Congress,111970,480,112450,54.64,123,1,AITC
3,BARUN MAHATO,Rashtriya Secular Majlis Party,14340,47,14387,6.99,123,3,RSMP
4,KHOKAN SARDAR,Independent,702,3,705,0.34,123,7,I
5,SUBAL CHANDRA SARDAR,Independent,1058,5,1063,0.52,123,6,I
6,HARISH CHANDRA SARDAR,Independent,1955,6,1961,0.95,123,5,I
7,NOTA,None of the Above,2454,2,2456,1.19,123,4,NOTA
1,AMIT MAJUMDAR,Indian National Congress,22943,146,23089,9.79,124,3,INC
2,TARAK NATH GHOSH,Bharatiya Janata Party,90646,759,91405,38.77,124,2,BJP
3,DEBASHIS SARKAR,Bahujan Samaj Party,1465,5,1470,0.62,124,5,BSP
4,DR. SAPTARSHI BANERJEE,All India Trinamool Congress,115378,495,115873,49.15,124,1,AITC
5,AJAY KUMAR BAIN,SOCIALIST UNITY CENTRE OF INDIA (COMMUNIST),1342,5,1347,0.57,124,6,SUCOI(C)
6,AKTAR RASUL BACHHU,"Justice and Development Party,",859,5,864,0.37,124,7,JADP
7,NOTA,None of the Above,1680,9,1689,0.72,124,4,NOTA
1,NARAYAN CHANDRA MONDAL,Bharatiya Janata Party,47236,269,47505,19.92,125,3,BJP
2,RAFIKUL ISLAM MONDAL,All India Trinamool Congress,136617,599,137216,57.55,125,1,AITC
3,MD BAIJID AMIN,Rashtriya Secular Majlis Party,47739,126,47865,20.08,125,2,RSMP
4,MD KASED ALI SARDAR,Independent,1870,4,1874,0.79,125,6,I
5,TASLIMA KHATUN,Independent,2009,5,2014,0.84,125,4,I
6,NOTA,None of the Above,1946,6,1952,0.82,125,5,NOTA
1,DEBES MANDAL,All India Trinamool Congress,103666,1040,104706,53.78,126,1,AITC
2,NEMAI DAS,Bharatiya Janata Party,78962,828,79790,40.98,126,2,BJP
3,NIRMAL MUDI,Bahujan Samaj Party,836,14,850,0.44,126,6,BSP
4,RANJAN KUMAR MONDAL,Communist Party of India,5922,86,6008,3.09,126,3,CPI
5,SANJIT MONDAL,Jan Sangh Party,431,2,433,0.22,126,7,JSP
6,KRISHNA GAYEN,Independent,1156,2,1158,0.59,126,5,I
7,NOTA,None of the Above,1734,2,1736,0.89,126,4,NOTA
1,ANIL CHANDRA MONDAL,Revolutionary Socialist Party,4848,23,4871,2.49,127,3,RSP
2,JAYANTA NASKAR,All India Trinamool Congress,104758,965,105723,53.99,127,1,AITC
3,BARUN PRAMANIK (CHITTA),Bharatiya Janata Party,81515,499,82014,41.88,127,2,BJP
4,HARIPADA MANDAL,Bahujan Samaj Party,1270,1,1271,0.65,127,4,BSP
5,TAPAN MISTRI,SOCIALIST UNITY CENTRE OF INDIA (COMMUNIST),910,2,912,0.47,127,6,SUCOI(C)
6,NOTA,None of the Above,1013,4,1017,0.52,127,5,NOTA
1,RAMESH MAJHI,Bharatiya Janata Party,60313,498,60811,28.43,128,2,BJP
2,SHYAMAL MONDAL,All India Trinamool Congress,110508,945,111453,52.1,128,1,AITC
3,SUBHAS NASKAR,Revolutionary Socialist Party,36489,199,36688,17.15,128,3,RSP
4,NIMAI CHANDRA MONDAL,SOCIALIST UNITY CENTRE OF INDIA (COMMUNIST),685,3,688,0.32,128,7,SUCOI(C)
5,DEBABRATA MONDAL,Independent,722,6,728,0.34,128,6,I
6,BISWAJIT MONDAL,Independent,1631,4,1635,0.76,128,5,I
7,NOTA,None of the Above,1905,2,1907,0.89,128,4,NOTA
1,KANAN BALA MONDAL,Bahujan Samaj Party,1427,5,1432,0.63,129,5,BSP
2,Ganesh Chandra Mondal,All India Trinamool Congress,116581,657,117238,51.57,129,1,AITC
3,Mintu Halder,Bharatiya Janata Party,69719,342,70061,30.82,129,2,BJP
4,Ram Sankar Halder,Communist Party of India (Marxist),19926,84,20010,8.8,129,3,CPI(M)
5,Kartick Mondal,Bahujan Mukti Party,454,4,458,0.2,129,8,BMP
6,JAYKRISHNA HALDAR,SOCIALIST UNITY CENTRE OF INDIA (COMMUNIST),15209,97,15306,6.73,129,4,SUCOI(C)
7,Bablu Sanfui,Lok Jan Shakti Party,345,1,346,0.15,129,10,LJSP
8,Gobinda Majhi,Independent,447,3,450,0.2,129,9,I
9,Ratan Kumar Naskar,Independent,999,3,1002,0.44,129,7,I
10,NOTA,None of the Above,1045,3,1048,0.46,129,6,NOTA
1,ASIT KUMAR HALDAR,Bharatiya Janata Party,97704,343,98047,42.3,130,2,BJP
2,SHUKDEB BERA,Indian National Congress,10120,62,10182,4.39,130,3,INC
3,SAMIR KUMAR JANA,All India Trinamool Congress,119590,591,120181,51.85,130,1,AITC
4,NARAYAN HALDAR,SOCIALIST UNITY CENTRE OF INDIA (COMMUNIST),1654,10,1664,0.72,130,4,SUCOI(C)
5,SRIDHAR CHANDRA BAGARI,Lok Samya Party,495,3,498,0.21,130,6,LSP
6,NOTA,None of the Above,1213,1,1214,0.52,130,5,NOTA
1,INDRANIL ROUT,Indian National Congress,12208,26,12234,5.57,131,3,INC
2,DIPANKAR JANA,Bharatiya Janata Party,88926,265,89191,40.62,131,2,BJP
3,PARBATI BHUNIA,Bahujan Samaj Party,1628,2,1630,0.74,131,4,BSP
4,MANTURAM PAKHIRA,All India Trinamool Congress,113940,553,114493,52.14,131,1,AITC
5,JHANTU MAITY,SOCIALIST UNITY CENTRE OF INDIA (COMMUNIST),1023,3,1026,0.47,131,5,SUCOI(C)
6,NOTA,None of the Above,1018,5,1023,0.47,131,6,NOTA
1,KAMILA BIKASH,Bharatiya Janata Party,98496,658,99154,41.48,132,2,BJP
2,BANKIM CHANDRA HAZRA,All India Trinamool Congress,127861,1139,129000,53.96,132,1,AITC
3,SK MUKLESUR RAHAMAN,Communist Party of India (Marxist),9033,63,9096,3.8,132,3,CPI(M)
4,SWARAJ DAS,SOCIALIST UNITY CENTRE OF INDIA (COMMUNIST),787,5,792,0.33,132,5,SUCOI(C)
5,NOTA,None of the Above,1023,2,1025,0.43,132,4,NOTA
1,PRANAB KUMAR MALLIK,Bharatiya Janata Party,62405,354,62759,32.5,133,2,BJP
2,JOGARANJAN HALDER,All India Trinamool Congress,96029,548,96577,50.01,133,1,AITC
3,RANAJIT SINGHA,SOCIALIST UNITY CENTRE OF INDIA (COMMUNIST),1189,2,1191,0.62,133,5,SUCOI(C)
4,SIRAJ UDDIN GAZI,Rashtriya Secular Majlis Party,29880,81,29961,15.51,133,3,RSMP
5,MRINMAY MANDAL,Independent,956,1,957,0.5,133,6,I
6,NOTA,None of the Above,1683,2,1685,0.87,133,4,NOTA
1,ALOKE JALDATA,All India Trinamool Congress,114651,1056,115707,48.47,134,1,AITC
2,KANTI GANGULY,Communist Party of India (Marxist),36689,242,36931,15.47,134,3,CPI(M)
3,MINTU MISTRI,Bahujan Samaj Party,793,2,795,0.33,134,6,BSP
4,SANTANU BAPULI,Bharatiya Janata Party,79602,537,80139,33.57,134,2,BJP
5,GUNASINDHU HALDAR,SOCIALIST UNITY CENTRE OF INDIA (COMMUNIST),2818,44,2862,1.2,134,4,SUCOI(C)
6,BABLU HALDAR,Independent,290,2,292,0.12,134,8,I
7,SOUVIK BAPULI,Independent,530,2,532,0.22,134,7,I
8,NOTA,None of the Above,1457,5,1462,0.61,134,5,NOTA
1,JOYDEB HALDER,All India Trinamool Congress,95309,525,95834,48.04,135,1,AITC
2,DILIP KUMAR JATUA,Bharatiya Janata Party,72001,341,72342,36.26,135,2,BJP
3,SOUMEN SARKAR,Bahujan Samaj Party,858,2,860,0.43,135,6,BSP
4,PARTHA HALDER,Bahujan Mukti Party,439,2,441,0.22,135,8,BMP
5,MONGAL NASKAR,Republican Party of India (A),236,2,238,0.12,135,11,RPI(A)
6,SISIR KUMAR MONDAL,SOCIALIST UNITY CENTRE OF INDIA (COMMUNIST),1112,5,1117,0.56,135,5,SUCOI(C)
7,SANCHAY KUMAR SARKAR,Rashtriya Secular Majlis Party,25334,63,25397,12.73,135,3,RSMP
8,PABITRA HALDER,Independent,317,2,319,0.16,135,9,I
9,SANJAY HALDER,Independent,311,1,312,0.16,135,10,I
10,SUBESH KUMAR HALDER,Independent,807,1,808,0.41,135,7,I
11,NOTA,None of the Above,1822,0,1822,0.91,135,4,NOTA
1,APURBA PRAMANIK (APU),Communist Party of India (Marxist),17308,60,17368,8.58,136,3,CPI(M)
2,BISWANATH DAS,All India Trinamool Congress,104527,425,104952,51.85,136,1,AITC
3,RABIN SARDAR,Bharatiya Janata Party,65943,326,66269,32.74,136,2,BJP
4,SANKAR DEB MONDAL,Bahujan Samaj Party,809,2,811,0.4,136,7,BSP
5,AMITAV NASKAR,Republican Party of India (A),186,1,187,0.09,136,10,RPI(A)
6,UTPAL MANDAL,Lok Jan Shakti Party,245,3,248,0.12,136,9,LJSP
7,TARUN KANTI NASKAR,SOCIALIST UNITY CENTRE OF INDIA (COMMUNIST),9354,69,9423,4.65,136,4,SUCOI(C)
8,MONOTOSH NASKAR,Bahujan Mukti Party,571,3,574,0.28,136,8,BMP
9,SWAPAN KUMAR NASKAR,Independent,1433,2,1435,0.71,136,5,I
10,NOTA,None of the Above,1162,2,1164,0.58,136,6,NOTA
1,CHANDAN MONDAL,Bharatiya Janata Party,73238,364,73602,32.7,137,2,BJP
2,BIVAS SARDAR (VOBO),All India Trinamool Congress,122337,906,123243,54.75,137,1,AITC
3,SANKAR DEB MONDAL,Bahujan Samaj Party,1389,4,1393,0.62,137,7,BSP
4,SWAPAN NASKAR,Communist Party of India (Marxist),21365,102,21467,9.54,137,3,CPI(M)
5,JOYDEV NASKAR,SOCIALIST UNITY CENTRE OF INDIA (COMMUNIST),1513,12,1525,0.68,137,6,SUCOI(C)
6,CHINMAY NASKAR,Independent,399,3,402,0.18,137,8,I
7,SNEHASIS SAHA,Independent,1624,3,1627,0.72,137,5,I
8,NOTA,None of the Above,1851,4,1855,0.82,137,4,NOTA
1,ARNAB ROY,Bharatiya Janata Party,75414,402,75816,34.72,138,2,BJP
2,Paresh Ram Das,All India Trinamool Congress,110418,641,111059,50.86,138,1,AITC
3,PROTAP CHANDRA MONDAL,Indian National Congress,11862,46,11908,5.45,138,4,INC
4,NARAYAN NASKAR,SOCIALIST UNITY CENTRE OF INDIA (COMMUNIST),1948,15,1963,0.9,138,6,SUCOI(C)
5,GOPAL CHANDRA MANDAL,Independent,426,1,427,0.2,138,8,I
6,MAYA BAG,Independent,753,6,759,0.35,138,7,I
7,MEGHNATH HALDER,Independent,13378,12,13390,6.13,138,3,I
8,NOTA,None of the Above,3026,6,3032,1.39,138,5,NOTA
1,KALIPADA NASKAR,Bharatiya Janata Party,34306,197,34503,14.82,139,3,BJP
2,SAOKAT MOLLA,All India Trinamool Congress,121562,739,122301,52.54,139,1,AITC
3,RAFIK AKUNJE,SOCIALIST UNITY CENTRE OF INDIA (COMMUNIST),2670,16,2686,1.15,139,4,SUCOI(C)
4,GAZI SHAHABUDDIN SIRAJI,Rashtriya Secular Majlis Party,69154,140,69294,29.77,139,2,RSMP
5,AJAY HALDAR,Independent,1708,7,1715,0.74,139,6,I
6,NOTA,None of the Above,2258,9,2267,0.97,139,5,NOTA
1,AJIT BAUL,Bahujan Samaj Party,910,2,912,0.43,140,6,BSP
2,DEBOPAM CHATTOPADHYAYA(BABU),Bharatiya Janata Party,58774,322,59096,27.97,140,2,BJP
3,BIMAN BANERJEE,All India Trinamool Congress,120184,822,121006,57.27,140,1,AITC
4,MD LAHEK ALI,Communist Party of India (Marxist),25458,181,25639,12.13,140,3,CPI(M)
5,ANANDA KUNDU,Independent,384,1,385,0.18,140,9,I
6,MUKUL MONDAL,Independent,398,1,399,0.19,140,8,I
7,RANESWAR DAS,Independent,1766,3,1769,0.84,140,4,I
8,SUKUMAR NASKAR,Independent,550,1,551,0.26,140,7,I
9,NOTA,None of the Above,1528,8,1536,0.73,140,5,NOTA
1,CHANDAN KUMAR NASKAR,Bharatiya Janata Party,56541,325,56866,27.58,141,2,BJP
2,CHANDAN SAHA,Communist Party of India (Marxist),33665,157,33822,16.41,141,3,CPI(M)
3,NAMITA SAHA,All India Trinamool Congress,110331,614,110945,53.82,141,1,AITC
4,SANJAY MANDAL,SOCIALIST UNITY CENTRE OF INDIA (COMMUNIST),1203,6,1209,0.59,141,5,SUCOI(C)
5,BISWAJIT BISWAS,Independent,430,3,433,0.21,141,8,I
6,SUDIPTA SANFUI,Independent,935,4,939,0.46,141,6,I
7,SOMNATH SARKAR,Independent,457,2,459,0.22,141,7,I
8,NOTA,None of the Above,1480,0,1480,0.72,141,4,NOTA
1,GIAS UDDIN MOLLA,All India Trinamool Congress,95974,1032,97006,49.93,142,1,AITC
2,DHURJATI SAHA (MANAS),Bharatiya Janata Party,49696,369,50065,25.77,142,2,BJP
3,AHAMMAD SARDAR,SOCIALIST UNITY CENTRE OF INDIA (COMMUNIST),614,1,615,0.32,142,7,SUCOI(C)
4,MAIDUL ISLAM MOLLA,Rashtriya Secular Majlis Party,40526,159,40685,20.94,142,3,RSMP
5,HARAN BISWAS,Party for Democratic Socialism,511,1,512,0.26,142,10,PFDS
6,PALASH HALDER,Independent,206,3,209,0.11,142,11,I
7,HAJI MURSID UDDIN SEKH,Independent,528,10,538,0.28,142,9,I
8,SAMBHU NATH KANJI,Independent,837,2,839,0.43,142,6,I
9,SAMSUL HUDA LASKAR,Independent,606,1,607,0.31,142,8,I
10,HABUL KUMAR MANDAL,Independent,914,6,920,0.47,142,5,I
11,NOTA,None of the Above,2280,6,2286,1.18,142,4,NOTA
1,GOLAM ALI SEKH,Bahujan Samaj Party,1086,2,1088,0.48,143,6,BSP
2,DIPAK KUMAR HALDER,Bharatiya Janata Party,81098,384,81482,36.15,143,2,BJP
3,PANNALAL HALDER,All India Trinamool Congress,98032,446,98478,43.69,143,1,AITC
4,PRATIK UR RAHAMAN,Communist Party of India (Marxist),38612,107,38719,17.18,143,3,CPI(M)
5,MONARAMA HALDER,SOCIALIST UNITY CENTRE OF INDIA (COMMUNIST),469,0,469,0.21,143,9,SUCOI(C)
6,SACHINDRA NATH HALDER,Republican Party of India (A),174,0,174,0.08,143,11,RPI(A)
7,KISHOR KUMAR MONDAL,Independent,164,1,165,0.07,143,12,I
8,BISWAJIT SARDAR,Independent,234,0,234,0.1,143,10,I
9,LATAB UDDIN MOLLA,Independent,750,4,754,0.33,143,8,I
10,SAFIULLA KHAN,Independent,1585,0,1585,0.7,143,4,I
11,SWAPAN MONDAL,Independent,800,0,800,0.35,143,7,I
12,NOTA,None of the Above,1446,3,1449,0.64,143,5,NOTA
1,ATAL KUMAR PURKAIT,Bahujan Samaj Party,772,4,776,0.37,144,8,BSP
2,ABDUR RAZZAK MOLLA,Indian National Congress,7413,39,7452,3.58,144,3,INC
3,BIDHAN PARUI,Bharatiya Janata Party,76033,372,76405,36.75,144,2,BJP
4,SANKAR KUMAR NASKAR,All India Trinamool Congress,116077,1102,117179,56.35,144,1,AITC
5,JULFIKAR SHAIK,Independent,1177,6,1183,0.57,144,6,I
6,DEEPAK RAM,Independent,272,1,273,0.13,144,11,I
7,MILAN DHUM,Independent,364,1,365,0.18,144,10,I
8,M. RAQUIBUL HASAN MALLICK,Independent,1674,3,1677,0.81,144,4,I
9,SANTOSH SAMANTA,Independent,1019,7,1026,0.49,144,7,I
10,SOMNATH MONDAL,Independent,407,4,411,0.2,144,9,I
11,NOTA,None of the Above,1180,5,1185,0.57,144,5,NOTA
1,GOUTAM PAL,Communist Party of India (Marxist),16134,86,16220,6.89,145,3,CPI(M)
2,CHANDAN PAL,Bharatiya Janata Party,94927,390,95317,40.47,145,2,BJP
3,MOHAN CHANDRA NASKAR,All India Trinamool Congress,117974,661,118635,50.37,145,1,AITC
4,SANJAY KUMAR SAH,Bahujan Samaj Party,1377,2,1379,0.59,145,5,BSP
5,SK RABIYAL,SOCIALIST UNITY CENTRE OF INDIA (COMMUNIST),1622,3,1625,0.69,145,4,SUCOI(C)
6,DEBAJYOTI BASU,Independent,990,3,993,0.42,145,7,I
7,NOTA,None of the Above,1374,3,1377,0.58,145,6,NOTA
1,AGNISWAR NASKAR,Bharatiya Janata Party,77379,298,77677,32.7,146,2,BJP
2,JHUMA KAYAL,Communist Party of India (Marxist),17866,129,17995,7.57,146,3,CPI(M)
3,DILIP MONDAL,All India Trinamool Congress,135620,889,136509,57.46,146,1,AITC
4,RABINDRANATH RANJAN,Bahujan Samaj Party,2697,12,2709,1.14,146,4,BSP
5,UTTAM NASKAR,Independent,815,2,817,0.34,146,6,I
6,NOTA,None of the Above,1861,2,1863,0.78,146,5,NOTA
1,ANJANA BASU,Bharatiya Janata Party,82518,523,83041,35.67,147,2,BJP
2,ARUNDHUTI MAITRA (LOVELY),All India Trinamool Congress,108408,814,109222,46.92,147,1,AITC
3,BIMAL KRISHNA MANDAL,Bahujan Samaj Party,1099,11,1110,0.48,147,6,BSP
4,SHUVAM BANERJEE,Communist Party of India,31467,311,31778,13.65,147,3,CPI
5,TRAYEE PRADHAN,Right to Recall Party,369,3,372,0.16,147,11,RTRP
6,DIBAKAR HALDER,SOCIALIST UNITY CENTRE OF INDIA (COMMUNIST),436,5,441,0.19,147,10,SUCOI(C)
7,DEBASHIS RAKSHIT,Bahujan Mukti Party,124,2,126,0.05,147,15,BMP
8,SANJAY ROY,Amra Bangalee,144,2,146,0.06,147,14,AB
9,ARUN SARKAR,Independent,194,1,195,0.08,147,13,I
10,UTTAM SAMUL,Independent,315,1,316,0.14,147,12,I
11,DILIP KUMAR ROY,Independent,600,1,601,0.26,147,7,I
12,PROVASH MONDAL,Independent,500,0,500,0.21,147,9,I
13,RANGALAL BARIK,Independent,501,1,502,0.22,147,8,I
14,SHAMPA DAS,Independent,1901,6,1907,0.82,147,5,I
15,NOTA,None of the Above,2541,9,2550,1.1,147,4,NOTA
1,KARIM REZAUL,All India Trinamool Congress,82850,236,83086,34.31,148,2,AITC
2,SOUMI HATI,Bharatiya Janata Party,38636,90,38726,15.99,148,3,BJP
3,TAPAN GHOSH,SOCIALIST UNITY CENTRE OF INDIA (COMMUNIST),933,4,937,0.39,148,7,SUCOI(C)
4,MD. NAWSAD SIDDIQUE,Rashtriya Secular Majlis Party,109063,174,109237,45.1,148,1,RSMP
5,MIRJA HASAN,Communist Party of India (Marxist-Leninist) Red Star,4925,5,4930,2.04,148,4,CPI(M)RS
6,ISMAIL MOLLA,Independent,720,3,723,0.3,148,8,I
7,NOUSHAR ALI MOLLA,Independent,1301,2,1303,0.54,148,6,I
8,NOTA,None of the Above,3243,0,3243,1.34,148,5,NOTA
1,AHMED JAVED KHAN,All India Trinamool Congress,120957,415,121372,54.39,149,1,AITC
2,DR. INDRANIL KHAN,Bharatiya Janata Party,57559,191,57750,25.88,149,2,BJP
3,SHATARUP GHOSH,Communist Party of India (Marxist),38971,209,39180,17.56,149,3,CPI(M)
4,SHAMPA SARKAR,SOCIALIST UNITY CENTRE OF INDIA (COMMUNIST),671,2,673,0.3,149,5,SUCOI(C)
5,ARUNANSU KUMAR SARKAR,Independent,194,0,194,0.09,149,10,I
6,GOUTAM DAS,Independent,264,2,266,0.12,149,9,I
7,INDRANIL MITRA,Independent,307,3,310,0.14,149,8,I
8,TUSHAN MUKHERJEE,Independent,429,1,430,0.19,149,7,I
9,UMESH KR. SINGH,Independent,502,1,503,0.23,149,6,I
10,NOTA,None of the Above,2465,11,2476,1.11,149,4,NOTA
1,DEBABRATA MAJUMDAR (MALAY),All India Trinamool Congress,97152,948,98100,45.54,150,1,AITC
2,RINKU NASKAR,Bharatiya Janata Party,52795,344,53139,24.67,150,3,BJP
3,Dr. SUJAN CHAKRABORTY,Communist Party of India (Marxist),58666,565,59231,27.5,150,2,CPI(M)
4,SUJOY NASKAR,Bahujan Samaj Party,639,10,649,0.3,150,5,BSP
5,MONALISA GUPTA (DEBROY),Party for Democratic Socialism,380,5,385,0.18,150,7,PFDS
6,ATANU CHATTERJEE,Independent,100,0,100,0.05,150,11,I
7,ASHUTOSH DEY,Independent,86,5,91,0.04,150,12,I
8,TANUJIT DAS,Independent,106,4,110,0.05,150,10,I
9,NRIPENDRA KRISHNA ROY,Independent,225,4,229,0.11,150,9,I
10,MISTOO DAS,Independent,255,0,255,0.12,150,8,I
11,MEGHA CHATTERJEE,Independent,398,2,400,0.19,150,6,I
12,NOTA,None of the Above,2713,17,2730,1.27,150,4,NOTA
1,AJIT BAUL,Bahujan Samaj Party,1351,5,1356,0.56,151,6,BSP
2,FIRDOUSI BEGUM,All India Trinamool Congress,119272,685,119957,49.88,151,1,AITC
3,MONALISA SINHA,Communist Party of India (Marxist),29152,248,29400,12.22,151,3,CPI(M)
4,RANJAN BAIDYA,Bharatiya Janata Party,83523,344,83867,34.87,151,2,BJP
5,DULAL DAS,Independent,704,4,708,0.29,151,8,I
6,NEPAL CHANDRA NASKAR,Independent,990,3,993,0.41,151,7,I
7,BINANDA SING,Independent,576,3,579,0.24,151,9,I
8,SAMIR BHATTACHARYA,Independent,1520,1,1521,0.63,151,5,I
9,NOTA,None of the Above,2105,9,2114,0.88,151,4,NOTA
1,AROOP BISWAS,All India Trinamool Congress,100491,949,101440,51.4,152,1,AITC
2,DEBDUT GHOSH,Communist Party of India (Marxist),40260,337,40597,20.57,152,3,CPI(M)
3,BABUL SUPRIYO,Bharatiya Janata Party,51064,296,51360,26.02,152,2,BJP
4,DEBABRATA BERA,SOCIALIST UNITY CENTRE OF INDIA (COMMUNIST),451,3,454,0.23,152,5,SUCOI(C)
5,ANINDITA BASU,Independent,128,5,133,0.07,152,9,I
6,AVIJIT SARKAR,Independent,101,1,102,0.05,152,12,I
7,DEBASHIS DAS,Independent,94,0,94,0.05,152,13,I
8,RABI MALIK,Independent,102,1,103,0.05,152,11,I
9,RAJ KUMAR MISHRA,Independent,123,3,126,0.06,152,10,I
10,SUBHODEEP DAS,Independent,145,3,148,0.07,152,8,I
11,SAMAR KUMAR BISWAS,Independent,195,0,195,0.1,152,7,I
12,SUDIPTA SOM,Independent,302,1,303,0.15,152,6,I
13,NOTA,None of the Above,2297,13,2310,1.17,152,4,NOTA
1,Payel Sarkar,Bharatiya Janata Party,73137,403,73540,33.15,153,2,BJP
2,Ratna Chatterjee,All India Trinamool Congress,110294,674,110968,50.01,153,1,AITC
3,Rina Roy,Bahujan Samaj Party,1158,17,1175,0.53,153,5,BSP
4,Samita Har Chowdhury,Communist Party of India (Marxist),29945,227,30172,13.6,153,3,CPI(M)
5,Ashis Kumar Danda,SOCIALIST UNITY CENTRE OF INDIA (COMMUNIST),658,5,663,0.3,153,7,SUCOI(C)
6,Dr. Arun Kumar Giri,Independent,269,2,271,0.12,153,9,I
7,Bholanath Patra,Independent,262,3,265,0.12,153,11,I
8,Dhiman Debnath,Independent,142,1,143,0.06,153,12,I
9,Nikhilesh Ghosh,Independent,270,0,270,0.12,153,10,I
10,Subrata Roy,Independent,398,5,403,0.18,153,8,I
11,Tulsi Rani Pramanik,Independent,1163,4,1167,0.53,153,6,I
12,NOTA,None of the Above,2729,106,2835,1.28,153,4,NOTA
1,AMAL DHALI,Bahujan Samaj Party,855,7,862,0.37,154,6,BSP
2,NIHAR BHAKTA,Communist Party of India (Marxist),47156,353,47509,20.49,154,3,CPI(M)
3,PARTHA CHATTERJEE,All India Trinamool Congress,113787,991,114778,49.51,154,1,AITC
4,SRABANTI CHATTERJEE,Bharatiya Janata Party,63500,394,63894,27.56,154,2,BJP
5,ARUNA RAY,Independent,527,5,532,0.23,154,8,I
6,MRIDUL OJHA,Independent,550,0,550,0.24,154,7,I
7,SANAT KUMAR BHAKAT,Independent,872,1,873,0.38,154,5,I
8,VIJAY KUMAR SINGH,Independent,384,1,385,0.17,154,9,I
9,NOTA,None of the Above,2415,18,2433,1.05,154,4,NOTA
1,UMESH DAS,Bharatiya Janata Party,65827,232,66059,30.03,155,2,BJP
2,DULAL CHANDRA DAS,All India Trinamool Congress,123575,433,124008,56.38,155,1,AITC
3,PRAVAT CHOWDHURY,Communist Party of India (Marxist),25127,149,25276,11.49,155,3,CPI(M)
4,RINA DEBI,Bahujan Samaj Party,833,5,838,0.38,155,6,BSP
5,DHRUBA KUMAR BOSE,Independent,573,1,574,0.26,155,7,I
6,SUBHENDU BARIK,Independent,1162,3,1165,0.53,155,5,I
7,NOTA,None of the Above,2043,6,2049,0.93,155,4,NOTA
1,ASHOK KUMAR DEB,All India Trinamool Congress,121401,956,122357,56.41,156,1,AITC
2,DR. TARUN KUMAR ADAK,Bharatiya Janata Party,77224,419,77643,35.8,156,2,BJP
3,BHARAT LAL DAS,Bahujan Samaj Party,922,10,932,0.43,156,6,BSP
4,SK MUJIBAR RAHAMAN,Indian National Congress,10687,122,10809,4.98,156,3,INC
5,UTTAM PAL,SOCIALIST UNITY CENTRE OF INDIA (COMMUNIST),508,7,515,0.24,156,7,SUCOI(C)
6,KASHYAP UPADHYAY,Independent,367,4,371,0.17,156,9,I
7,BISWAJIT DAS,Independent,385,2,387,0.18,156,8,I
8,MUKUL CHANDRA JANA,Independent,1138,5,1143,0.53,156,5,I
9,NOTA,None of the Above,2726,9,2735,1.26,156,4,NOTA
1,ABDUL KHALEQUE MOLLA,All India Trinamool Congress,150792,274,151066,76.85,157,1,AITC
2,RAMJIT PRASAD,Bharatiya Janata Party,31357,105,31462,16.0,157,2,BJP
3,SAMSAD ALAM,Bahujan Samaj Party,607,2,609,0.31,157,7,BSP
4,FIROZA KHATUN,"Justice and Development Party,",308,3,311,0.16,157,10,JADP
5,NURUZAMAN MOLLA,Rashtriya Secular Majlis Party,7362,27,7389,3.76,157,3,RSMP
6,PRANATI PAUL,Amra Bangalee,825,4,829,0.42,157,5,AB
7,SABNAM BIBI,All India Minorities Front,404,5,409,0.21,157,9,AIMF
8,ANWAR RAZA,Independent,268,1,269,0.14,157,11,I
9,MD. IMTIYAZ ALAM,Independent,495,0,495,0.25,157,8,I
10,KRISHNENDU SENGUPTA,Independent,731,4,735,0.37,157,6,I
11,NOTA,None of the Above,3004,4,3008,1.53,157,4,NOTA
1,Awadh Kishore Gupta,Bharatiya Janata Party,36900,89,36989,24.26,158,2,BJP
2,Firhad Hakim,All India Trinamool Congress,105202,341,105543,69.23,158,1,AITC
3,Khan Sarfaraz,Bahujan Samaj Party,745,3,748,0.49,158,6,BSP
4,Md Mukhtar,Indian National Congress,5559,31,5590,3.67,158,3,INC
5,Manjay Kumar Roy,Janata Dal (United),174,1,175,0.11,158,9,JD(U)
6,Sk Jayed Hossain,SOCIALIST UNITY CENTRE OF INDIA (COMMUNIST),180,0,180,0.12,158,8,SUCOI(C)
7,Biswajit Halder,Independent,126,0,126,0.08,158,11,I
8,Jay Prakash Shaw,Independent,164,1,165,0.11,158,10,I
9,Kalpana Chohan,Independent,427,1,428,0.28,158,7,I
10,Sanjay Dey,Independent,1139,0,1139,0.75,158,5,I
11,NOTA,None of the Above,1355,5,1360,0.89,158,4,NOTA
1,Anita Rajwar,Bahujan Samaj Party,555,9,564,0.44,159,5,BSP
2,Md. Shadab Khan,Indian National Congress,5159,52,5211,4.09,159,3,INC
3,Rudranil Ghosh,Bharatiya Janata Party,44541,245,44786,35.16,159,2,BJP
4,Sobhandeb Chattopadhyay,All India Trinamool Congress,73048,457,73505,57.71,159,1,AITC
5,Ashraf Alam,Independent,487,1,488,0.38,159,7,I
6,Bikki Rajak,Independent,282,1,283,0.22,159,8,I
7,Chandan Mallick,Independent,520,3,523,0.41,159,6,I
8,Deepak Prasad Singh,Independent,230,4,234,0.18,159,9,I
9,Narayan Das,Independent,207,5,212,0.17,159,10,I
10,NOTA,None of the Above,1563,7,1570,1.23,159,4,NOTA
1,ASHUTOSH CHATTERJEE,Indian National Congress,10156,158,10314,8.29,160,3,INC
2,DEBASISH KUMAR,All India Trinamool Congress,64838,866,65704,52.79,160,1,AITC
3,LT. GEN. (DR.) SUBRATA SAHA,Bharatiya Janata Party,43907,383,44290,35.59,160,2,BJP
4,ROMIT CHOWDHURY,National Republic Party Of India,310,11,321,0.26,160,8,NRPOI
5,SUSMITA PAL,SOCIALIST UNITY CENTRE OF INDIA (COMMUNIST),536,10,546,0.44,160,6,SUCOI(C)
6,SWAPAN DAS,Bahujan Mukti Party,70,2,72,0.06,160,13,BMP
7,DEBASHIS NATH,Independent,121,2,123,0.1,160,11,I
8,GOPAL GHOSH,Independent,96,1,97,0.08,160,12,I
9,MUSARAT PARVEEN,Independent,131,3,134,0.11,160,10,I
10,NIRAJ AGARWAL,Independent,177,4,181,0.15,160,9,I
11,PANKAJ THAKKAR,Independent,341,1,342,0.27,160,7,I
12,PREETAM KUNDU,Independent,666,3,669,0.54,160,5,I
13,NOTA,None of the Above,1641,21,1662,1.34,160,4,NOTA
1,Dr. Fuad Halim,Communist Party of India (Marxist),8428,46,8474,5.61,161,3,CPI(M)
2,LOKENATH CHATTERJEE,Bharatiya Janata Party,31054,172,31226,20.68,161,2,BJP
3,Rajendra Ram Das,Bahujan Samaj Party,808,4,812,0.54,161,5,BSP
4,Subrata Mukherjee,All India Trinamool Congress,106223,362,106585,70.6,161,1,AITC
5,ANIRBAN SAHA,Purvanchal Mahapanchayat,538,3,541,0.36,161,8,PM
6,CHHANDA SAHA,Bharatiya Nyay-Adhikar Raksha Party,576,4,580,0.38,161,7,BNRP
7,SEKH SADIK HUSSAIN,United Socialist Party,116,2,118,0.08,161,12,USP
8,AMITAVA DUTTA,Independent,194,1,195,0.13,161,11,I
9,KAUSHIK GHOSHAL,Independent,642,1,643,0.43,161,6,I
10,SANTANU SAHA,Independent,213,0,213,0.14,161,10,I
11,ZUBIN RASHID,Independent,258,0,258,0.17,161,9,I
12,NOTA,None of the Above,1314,3,1317,0.87,161,4,NOTA
1,BANDYOPADHYAY NAYNA,All India Trinamool Congress,69702,399,70101,62.87,162,1,AITC
2,DEVDUTTA MAJI,Bharatiya Janata Party,24644,113,24757,22.2,162,2,BJP
3,SANTOSH KUMAR PATHAK,Indian National Congress,14184,82,14266,12.8,162,3,INC
4,SWAMINATH KORI,Bahujan Samaj Party,263,1,264,0.24,162,5,BSP
5,AJAY KUMAR GUPTA,Bharatiya Momin Front,74,1,75,0.07,162,12,BMF
6,ANIL KUMAR SINGH,Janata Dal (United),79,2,81,0.07,162,11,JD(U)
7,MANIKA PAUL,SOCIALIST UNITY CENTRE OF INDIA (COMMUNIST),201,3,204,0.18,162,6,SUCOI(C)
8,ASHISH AGARWAL,Independent,88,4,92,0.08,162,10,I
9,ISHRAT KHAN,Independent,109,0,109,0.1,162,9,I
10,SAYANTAN PATRA,Independent,162,1,163,0.15,162,8,I
11,SUMANTA BHOWMICK,Independent,169,0,169,0.15,162,7,I
12,NOTA,None of the Above,1207,5,1212,1.09,162,4,NOTA
1,Md. Fayaz,Bahujan Samaj Party,824,3,827,0.53,163,6,BSP
2,Priyanka Tibrewal,Bharatiya Janata Party,43248,204,43452,27.7,163,2,BJP
3,Swarna Kamal Saha,All India Trinamool Congress,101266,443,101709,64.83,163,1,AITC
4,Goutam Prasad,West Bengal Socialist Party,797,1,798,0.51,163,7,WBSP
5,Md. Enayetullah Ansari,All India Minorities Front,248,1,249,0.16,163,11,AIMF
6,Md. Iqbal Alam,Rashtriya Secular Majlis Party,4297,57,4354,2.78,163,3,RSMP
7,Md. Nurul Huda,Janata Dal (United),135,2,137,0.09,163,14,JD(U)
8,Swarnalata Sarkar,Bharatiya Nyay-Adhikar Raksha Party,131,1,132,0.08,163,16,BNRP
9,Arindam Roy,Independent,137,0,137,0.09,163,14,I
10,Ashok Das,Independent,155,1,156,0.1,163,13,I
11,Kundan Kumar Shaw,Independent,205,2,207,0.13,163,12,I
12,Md. Imran,Independent,349,1,350,0.22,163,10,I
13,Mousumi Roy,Independent,769,1,770,0.49,163,8,I
14,Prabir Dasgupta,Independent,1934,0,1934,1.23,163,4,I
15,Saleha Tabassum,Independent,671,0,671,0.43,163,9,I
16,NOTA,None of the Above,980,11,991,0.63,163,5,NOTA
1,ARJUN KUMAR DAS,Bahujan Samaj Party,751,6,757,0.48,164,6,BSP
2,KASHINATH BISWAS,Bharatiya Janata Party,35817,225,36042,22.74,164,2,BJP
3,PARESH PAUL,All India Trinamool Congress,102478,704,103182,65.1,164,1,AITC
4,RAJIB BISWAS,Communist Party of India (Marxist),13908,137,14045,8.86,164,3,CPI(M)
5,BAPI PAUL,Akhil Bharat Hindu Mahasabha,204,2,206,0.13,164,9,ABHM
6,TARUN KUMAR DAS,SOCIALIST UNITY CENTRE OF INDIA (COMMUNIST),164,4,168,0.11,164,11,SUCOI(C)
7,AVIJIT GHOSH,Independent,134,0,134,0.08,164,12,I
8,DIP SANKAR NAIYA,Independent,89,5,94,0.06,164,13,I
9,MANASH CHOWDHURY,Independent,84,2,86,0.05,164,14,I
10,RAKESH SHAW,Independent,166,11,177,0.11,164,10,I
11,SHAHAWAZ AFZAL,Independent,435,2,437,0.28,164,8,I
12,SURENDAR TEWARI,Independent,1168,0,1168,0.74,164,5,I
13,SUSOVAN DUTTA,Independent,445,1,446,0.28,164,7,I
14,NOTA,None of the Above,1559,5,1564,0.99,164,4,NOTA
1,AJMAL KHAN,Indian National Congress,4736,33,4769,4.82,165,3,INC
2,MEENA DEVI PUROHIT,Bharatiya Janata Party,39238,142,39380,39.8,165,2,BJP
3,NIRMAL KANTI SAMADDAR,Bahujan Samaj Party,411,1,412,0.42,165,5,BSP
4,VIVEK GUPTA,All India Trinamool Congress,51904,219,52123,52.67,165,1,AITC
5,BIJNAN KUMAR BERA,SOCIALIST UNITY CENTRE OF INDIA (COMMUNIST),405,3,408,0.41,165,6,SUCOI(C)
6,ANAND SINGH KHARWAR,Independent,96,0,96,0.1,165,10,I
7,ANIL KUMAR CHOUDHARY,Independent,94,1,95,0.1,165,11,I
8,NAWAL MONDAL,Independent,359,2,361,0.36,165,7,I
9,RANJIT KUMAR THAKUR,Independent,103,1,104,0.11,165,9,I
10,SUSHANTA GHOSH,Independent,178,1,179,0.18,165,8,I
11,NOTA,None of the Above,1024,4,1028,1.04,165,4,NOTA
1,JIBAN PRAKASH SAHA,All India Forward Bloc,10655,173,10828,10.52,166,3,AIFB
2,SANDIPAN BISWAS,Bharatiya Janata Party,33099,166,33265,32.31,166,2,BJP
3,Dr. SHASHI PANJA,All India Trinamool Congress,55184,601,55785,54.18,166,1,AITC
4,MUNNI MALI,Sajag Samaj Party,406,3,409,0.4,166,6,SSP
5,Chhaya Ghosh,Independent,119,3,122,0.12,166,10,I
6,CHINMOY BISWAS,Independent,106,4,110,0.11,166,11,I
7,DILIP DAS,Independent,49,1,50,0.05,166,13,I
8,PRAVEEN KUMAR JAIN,Independent,138,1,139,0.13,166,9,I
9,PURNIMA BANERJEE,Independent,94,0,94,0.09,166,12,I
10,SANJAY NANDI,Independent,180,6,186,0.18,166,8,I
11,SURAJIT GHOSH,Independent,639,0,639,0.62,166,5,I
12,TARKESH RAI,Independent,279,1,280,0.27,166,7,I
13,NOTA,None of the Above,1053,10,1063,1.03,166,4,NOTA
1,Ajay Prajapati,Bahujan Samaj Party,667,2,669,0.5,167,6,BSP
2,Kalyan Chaubey,Bharatiya Janata Party,47180,159,47339,35.6,167,2,BJP
3,Rupa Bagchi,Communist Party of India (Marxist),13390,123,13513,10.16,167,3,CPI(M)
4,Sadhan Pande,All India Trinamool Congress,67180,397,67577,50.82,167,1,AITC
5,Subir Das,Bahujan Mukti Party,405,3,408,0.31,167,7,BMP
6,Tarun Banerjee,Socialist Party (India),203,0,203,0.15,167,11,SP(I)
7,Bablu Dey,Independent,168,0,168,0.13,167,12,I
8,Moumita Manna,Independent,239,1,240,0.18,167,10,I
9,Nimai Nath,Independent,783,0,783,0.59,167,5,I
10,Somen Das,Independent,257,0,257,0.19,167,9,I
11,Somnath Das,Independent,390,0,390,0.29,167,8,I
12,NOTA,None of the Above,1413,7,1420,1.07,167,4,NOTA
1,Atin Ghosh,All India Trinamool Congress,75274,908,76182,56.48,168,1,AITC
2,PRATIP DASGUPTA,Communist Party of India (Marxist),14504,253,14757,10.94,168,3,CPI(M)
3,SHIO KUMAR KHATIK,Bahujan Samaj Party,532,7,539,0.4,168,5,BSP
4,Sibaji Sinha Roy,Bharatiya Janata Party,40424,368,40792,30.24,168,2,BJP
5,KUSH MAHALI,Independent,229,5,234,0.17,168,6,I
6,MD SHAKIL,Independent,137,7,144,0.11,168,10,I
7,Rajesh Kumar Das,Independent,233,1,234,0.17,168,6,I
8,SHREE NARAYAN TANDON,Independent,206,1,207,0.15,168,8,I
9,TAPAS GHOSH,Independent,206,0,206,0.15,168,9,I
10,NOTA,None of the Above,1564,13,1577,1.17,168,4,NOTA
1,DIPSITA DHAR,Communist Party of India (Marxist),21924,116,22040,17.51,169,3,CPI(M)
2,BAISHALI DALMIYA,Bharatiya Janata Party,46992,118,47110,37.43,169,2,BJP
3,RANA CHATTERJEE,All India Trinamool Congress,53223,124,53347,42.38,169,1,AITC
4,PUTUL CHOWDHURY,SOCIALIST UNITY CENTRE OF INDIA (COMMUNIST),442,0,442,0.35,169,6,SUCOI(C)
5,INDRANATH DAS,Independent,98,0,98,0.08,169,10,I
6,UJJWALA BISWAS,Independent,82,0,82,0.07,169,12,I
7,GOUTAM DAS,Independent,93,0,93,0.07,169,11,I
8,JITENDRA PRASAD,Independent,292,0,292,0.23,169,8,I
9,MAYA SAMANTA,Independent,171,1,172,0.14,169,9,I
10,RAJKUMAR DHANUK,Independent,586,1,587,0.47,169,5,I
11,SURYA KANTA GHOSH,Independent,404,0,404,0.32,169,7,I
12,NOTA,None of the Above,1203,2,1205,0.96,169,4,NOTA
1,UMESH RAI,Bharatiya Janata Party,65936,117,66053,44.12,170,2,BJP
2,GAUTAM CHOWDHURI,All India Trinamool Congress,71408,167,71575,47.81,170,1,AITC
3,PAWAN KUMAR SINGH,Communist Party of India (Marxist),8091,42,8133,5.43,170,3,CPI(M)
4,ASHOK KUMAR SHARMA,Hindustani Awam Morcha (Secular),250,1,251,0.17,170,7,HAM(S)
5,GANESHLAL GUPTA,National Republic Party Of India,98,0,98,0.07,170,12,NRPOI
6,RAJ KUMAR PASWAN,Bharatiya Momin Front,91,0,91,0.06,170,14,BMF
7,DHARMENDRA RAI,Independent,103,1,104,0.07,170,11,I
8,VIJAY SHAH,Independent,162,0,162,0.11,170,9,I
9,VINIT KUMAR RAI,Independent,97,0,97,0.06,170,13,I
10,SISIR SAMANTA,Independent,104,2,106,0.07,170,10,I
11,SHYAM PRASAD RAM,Independent,167,0,167,0.11,170,8,I
12,SUNIL SAU,Independent,302,0,302,0.2,170,6,I
13,SUBHASH KUMAR SINGHI,Independent,911,0,911,0.61,170,5,I
14,NOTA,None of the Above,1668,2,1670,1.12,170,4,NOTA
1,"Arup Roy, S/o Late Prabhat Roy",All India Trinamool Congress,111343,211,111554,57.16,171,1,AITC
2,Palash Bhandari,Indian National Congress,12904,38,12942,6.63,171,3,INC
3,Sanjay Singh,Bharatiya Janata Party,64885,122,65007,33.31,171,2,BJP
4,Anamika Singh,Janata Dal (United),544,1,545,0.28,171,5,JD(U)
5,Chandrakant Jaiswal,Vikas India Party,153,1,154,0.08,171,12,VIP
6,Shrirup Das,SOCIALIST UNITY CENTRE OF INDIA (COMMUNIST),282,2,284,0.15,171,8,SUCOI(C)
7,"Arup Roy, S/o Late Gopal Roy",Independent,267,0,267,0.14,171,9,I
8,Pankoj Gar,Independent,238,1,239,0.12,171,11,I
9,Pradip Kanji,Independent,101,0,101,0.05,171,14,I
10,Babu Malick,Independent,124,1,125,0.06,171,13,I
11,Md. Nazir Alam,Independent,243,0,243,0.12,171,10,I
12,Samir Mondal,Independent,488,0,488,0.25,171,6,I
13,Subrata Mondal,Independent,460,0,460,0.24,171,7,I
14,NOTA,None of the Above,2734,1,2735,1.4,171,4,NOTA
1,Jagannath Bhattacharyya,All India Forward Bloc,24817,153,24970,13.7,172,3,AIFB
2,Manoj Tiwary,All India Trinamool Congress,92048,324,92372,50.69,172,1,AITC
3,Rathin Chakrabarty,Bharatiya Janata Party,59574,195,59769,32.8,172,2,BJP
4,Kartick Shil,SOCIALIST UNITY CENTRE OF INDIA (COMMUNIST),600,1,601,0.33,172,7,SUCOI(C)
5,Anupam Sarkar,Independent,342,1,343,0.19,172,8,I
6,Abhisek Kumar Chatterjee,Independent,244,5,249,0.14,172,10,I
7,Arim Roy,Independent,186,1,187,0.1,172,11,I
8,Pritam Das,Independent,267,4,271,0.15,172,9,I
9,Rajib Bhattacharya,Independent,638,0,638,0.35,172,6,I
10,Surojit Das,Independent,905,2,907,0.5,172,5,I
11,NOTA,None of the Above,1901,11,1912,1.05,172,4,NOTA
1,NANDITA CHOWDHURY,All India Trinamool Congress,116651,188,116839,53.86,173,1,AITC
2,RANTIDEV SENGUPTA,Bharatiya Janata Party,66088,182,66270,30.55,173,2,BJP
3,SUMITRO ADHIKARY,Communist Party of India (Marxist),27168,119,27287,12.58,173,3,CPI(M)
4,AMIT KUMAR GHOSH,Janata Dal (United),654,0,654,0.3,173,6,JD(U)
5,TAPAS KUMAR DAS,SOCIALIST UNITY CENTRE OF INDIA (COMMUNIST),320,2,322,0.15,173,8,SUCOI(C)
6,PABITRA BISWAS,Independent,135,1,136,0.06,173,13,I
7,MAMATA BANERJEE,Independent,321,1,322,0.15,173,8,I
8,RAJESH KUMAR SINGH,Independent,170,1,171,0.08,173,11,I
9,SAJAL SARDAR,Independent,157,0,157,0.07,173,12,I
10,SAMIR BACHAR,Independent,313,0,313,0.14,173,10,I
11,SAMRAT CHATTOPADHYAY,Independent,457,1,458,0.21,173,7,I
12,SUSHANTA MONDAL,Independent,1063,0,1063,0.49,173,5,I
13,NOTA,None of the Above,2937,11,2948,1.36,173,4,NOTA
1,PROBHAKAR PANDIT,Bharatiya Janata Party,71333,128,71461,32.17,174,2,BJP
2,PRIYA PAUL,All India Trinamool Congress,111758,130,111888,50.37,174,1,AITC
3,SAMIR MALICK,Communist Party of India (Marxist),34077,67,34144,15.37,174,3,CPI(M)
4,TAPAS DOLUI,Independent,518,2,520,0.23,174,7,I
5,BIMAL KANTI NASKAR,Independent,396,0,396,0.18,174,8,I
6,BUDHEN PATRA,Independent,339,1,340,0.15,174,9,I
7,SUVOMAY KHELO,Independent,522,0,522,0.24,174,6,I
8,SAMIR SHIT,Independent,1006,0,1006,0.45,174,5,I
9,NOTA,None of the Above,1848,2,1850,0.83,174,4,NOTA
1,GULSAN MULLICK,All India Trinamool Congress,104377,195,104572,48.19,175,1,AITC
2,MOHIT LAL GHANTI,Bharatiya Janata Party,71695,126,71821,33.1,175,2,BJP
3,AMAR CHATTERJEE,Amra Bangalee,1408,3,1411,0.65,175,5,AB
4,ABDUL JALIL SK,Rashtriya Secular Majlis Party,35543,33,35576,16.39,175,3,RSMP
5,SHYAMAL MONDAL,Independent,1218,0,1218,0.56,175,6,I
6,NOTA,None of the Above,2405,6,2411,1.11,175,4,NOTA
1,PRATYUSH MANDAL,Bharatiya Janata Party,69110,290,69400,35.95,176,2,BJP
2,BIDESH RANJAN BOSE,All India Trinamool Congress,86322,204,86526,44.83,176,1,AITC
3,ANOWAR MALLICK,Indian Unity Centre,1231,2,1233,0.64,176,6,IUC
4,ABBAS UDDIN KHAN,Rashtriya Secular Majlis Party,30377,81,30458,15.78,176,3,RSMP
5,GANESH DAS,Independent,1074,1,1075,0.56,176,7,I
6,SIYABADDIN KAJI,Independent,600,1,601,0.31,176,8,I
7,SUSHANTA DOLUI,Independent,1616,1,1617,0.84,176,5,I
8,NOTA,None of the Above,2100,11,2111,1.09,176,4,NOTA
1,Ashok Dalui,Communist Party of India (Marxist),19259,33,19292,10.38,177,3,CPI(M)
2,CHIRAN BERA,Bharatiya Janata Party,70378,120,70498,37.95,177,2,BJP
3,Dr. Nirmal Maji,All India Trinamool Congress,91324,177,91501,49.25,177,1,AITC
4,Avijit Das,Independent,935,0,935,0.5,177,6,I
5,Ganesh Chandra Hazra,Independent,365,2,367,0.2,177,8,I
6,NIRAPADA PANDIT,Independent,1181,0,1181,0.64,177,5,I
7,VIBEKANANDA MONDAL,Independent,758,0,758,0.41,177,7,I
8,NOTA,None of the Above,1244,4,1248,0.67,177,4,NOTA
1,SK KUTUB UDDIN AHMED,All India Forward Bloc,21098,12,21110,10.44,178,3,AIFB
2,PAPIA DEY (ADHIKARY),Bharatiya Janata Party,73363,79,73442,36.31,178,2,BJP
3,PULAK ROY,All India Trinamool Congress,101796,84,101880,50.37,178,1,AITC
4,JAYANTA KHATUA,SOCIALIST UNITY CENTRE OF INDIA (COMMUNIST),1165,0,1165,0.58,178,6,SUCOI(C)
5,RAM PROSAD GHORAI,Indian Unity Centre,1024,0,1024,0.51,178,7,IUC
6,AMAL KUMAR BARMAN,Independent,1314,0,1314,0.65,178,5,I
7,SUJIT MONDAL,Independent,857,0,857,0.42,178,8,I
8,NOTA,None of the Above,1473,1,1474,0.73,178,4,NOTA
1,AMITABHA CHAKRABORTI,Indian National Congress,20382,26,20408,9.2,179,3,INC
2,KALIPADA MANDAL,All India Trinamool Congress,114542,262,114804,51.74,179,1,AITC
3,TNUSREE CHAKRABORTY,Bharatiya Janata Party,83129,164,83293,37.54,179,2,BJP
4,PRADIP MANDAL,SOCIALIST UNITY CENTRE OF INDIA (COMMUNIST),1001,1,1002,0.45,179,5,SUCOI(C)
5,TUSHARKANTI MAL,Independent,607,1,608,0.27,179,7,I
6,SANKAR MANDAL,Independent,632,0,632,0.28,179,6,I
7,NOTA,None of the Above,1141,1,1142,0.51,179,4,NOTA
1,Anupam Mallik,Bharatiya Janata Party,75781,141,75922,37.97,180,2,BJP
2,Arunava Sen (Raja),All India Trinamool Congress,105867,175,106042,53.04,180,1,AITC
3,Sk Bosir Ahmed,Communist Party of India (Marxist),14512,43,14555,7.28,180,3,CPI(M)
4,Pampa Sarkar Bera,SOCIALIST UNITY CENTRE OF INDIA (COMMUNIST),462,2,464,0.23,180,6,SUCOI(C)
5,Ramesh Khanra,Independent,213,1,214,0.11,180,8,I
6,Subhasish Adhikary,Independent,284,0,284,0.14,180,7,I
7,Sanjit Patra,Independent,906,0,906,0.45,180,5,I
8,NOTA,None of the Above,1546,2,1548,0.77,180,4,NOTA
1,ASIT MITRA,Indian National Congress,25081,28,25109,12.02,181,3,INC
2,DEBTANU BHATTACHARYA,Bharatiya Janata Party,76180,60,76240,36.51,181,2,BJP
3,SUKANTA KUMAR PAUL,All India Trinamool Congress,102344,101,102445,49.06,181,1,AITC
4,SANJEEB SANTRA,SOCIALIST UNITY CENTRE OF INDIA (COMMUNIST),1136,3,1139,0.55,181,6,SUCOI(C)
5,DILIP KUMAR HAIT,Independent,526,0,526,0.25,181,8,I
6,BISWANATH DAS,Independent,1265,1,1266,0.61,181,5,I
7,RATAN CHANDRA MALICK,Independent,783,0,783,0.37,181,7,I
8,NOTA,None of the Above,1302,0,1302,0.62,181,4,NOTA
1,ALOKE KOLEY,Indian National Congress,5158,20,5178,2.61,182,3,INC
2,SAMIR KUMAR PANJA,All India Trinamool Congress,101023,487,101510,51.21,182,1,AITC
3,SUMIT RANJAN KARAR,Bharatiya Janata Party,87338,174,87512,44.15,182,2,BJP
4,ARNAB ADHIKARY,Independent,1716,2,1718,0.87,182,4,I
5,SAMIT KARMAKAR,Independent,1072,1,1073,0.54,182,6,I
6,NOTA,None of the Above,1216,4,1220,0.62,182,5,NOTA
1,ANUPAM GHOSH,Bharatiya Janata Party,87016,350,87366,37.06,183,2,BJP
2,SITANATH GHOSH,All India Trinamool Congress,116137,425,116562,49.45,183,1,AITC
3,GOBARDHAN MANNA,Indian Unity Centre,1971,1,1972,0.84,183,5,IUC
4,SK SABBIR AHMED,Rashtriya Secular Majlis Party,25279,83,25362,10.76,183,3,RSMP
5,PANCHANAN MAHANTA,Independent,1688,2,1690,0.72,183,6,I
6,NOTA,None of the Above,2760,9,2769,1.17,183,4,NOTA
1,UTTAM BERA,Communist Party of India (Marxist),22727,41,22768,9.07,184,3,CPI(M)
2,KALYAN GHOSH,All India Trinamool Congress,130278,221,130499,52.0,184,1,AITC
3,RAJIB BANERJEE S/O- LATE DHANANJOY BANERJEE,Bharatiya Janata Party,87766,113,87879,35.01,184,2,BJP
4,RAJANI BEGUM,Bharatiya Nyay-Adhikar Raksha Party,1300,0,1300,0.52,184,7,BNRP
5,TANMOY DAS,Independent,236,0,236,0.09,184,10,I
6,NANDITA ROY,Independent,218,0,218,0.09,184,12,I
7,RAJIB BANERJEE S/O- AMARNATH BANERJEE,Independent,225,0,225,0.09,184,11,I
8,RAJIB MONDAL,Independent,138,0,138,0.05,184,15,I
9,SRIKUMAR NASKAR,Independent,198,0,198,0.08,184,13,I
10,SANCHAYITA GHOSH,Independent,172,0,172,0.07,184,14,I
11,SK. SHAMIM HOSSAIN,Independent,272,0,272,0.11,184,9,I
12,SUBIR DALUI,Independent,424,0,424,0.17,184,8,I
13,SUBHAS SANTRA,Independent,1712,0,1712,0.68,184,6,I
14,SUMANTA KAYAL,Independent,2855,0,2855,1.14,184,4,I
15,NOTA,None of the Above,2078,4,2082,0.83,184,5,NOTA
1,KANCHAN MULLICK,All India Trinamool Congress,93334,544,93878,46.96,185,1,AITC
2,PRABIR KUMAR GHOSAL,Bharatiya Janata Party,57603,286,57889,28.96,185,2,BJP
3,RAJAT BANERJEE (BAPPA),Communist Party of India (Marxist),42376,342,42718,21.37,185,3,CPI(M)
4,SOURAV ROY,Communist Party of India (Marxist-Leninist) (Liberation),1217,6,1223,0.61,185,5,CPI(M)(L)
5,RANJAN MUKHERJEE,Independent,826,7,833,0.42,185,6,I
6,NOTA,None of the Above,3342,11,3353,1.68,185,4,NOTA
1,ALOK RANJAN BANERJEE,Indian National Congress,19223,178,19401,10.32,186,3,INC
2,KABIR SHANKAR BOSE,Bharatiya Janata Party,69241,347,69588,37.0,186,2,BJP
3,DR. SUDIPTO ROY,All India Trinamool Congress,92435,586,93021,49.46,186,1,AITC
4,MANGAL SARKAR,Bahujan Maha Party,905,9,914,0.49,186,6,BMP
5,SAMIR SARKAR,SOCIALIST UNITY CENTRE OF INDIA (COMMUNIST),757,11,768,0.41,186,8,SUCOI(C)
6,BISWANATH BHATTACHERJEE,Independent,1073,2,1075,0.57,186,5,I
7,SANTOSH KUMAR SINGH,Independent,906,8,914,0.49,186,6,I
8,NOTA,None of the Above,2387,13,2400,1.28,186,4,NOTA
1,ARINDAM GUIN (BUBAI),All India Trinamool Congress,100512,460,100972,50.2,187,1,AITC
2,ABDUL MANNAN,Indian National Congress,23053,219,23272,11.57,187,3,INC
3,DILIP SINGH,Bharatiya Janata Party,70617,277,70894,35.25,187,2,BJP
4,MANGAL SARKAR,Bahujan Maha Party,781,9,790,0.39,187,6,BMP
5,AJAY YADAV,Independent,411,5,416,0.21,187,8,I
6,ARABIND KUMAR RABIDAS,Independent,807,1,808,0.4,187,5,I
7,DILIP DAS,Independent,632,0,632,0.31,187,7,I
8,NOTA,None of the Above,3338,9,3347,1.66,187,4,NOTA
1,BECHARAM MANNA,All India Trinamool Congress,99852,1225,101077,48.15,188,1,AITC
2,RABINDRANATH BHATTACHARYA,Bharatiya Janata Party,74595,559,75154,35.8,188,2,BJP
3,SRIJAN BHATTACHARYYA,Communist Party of India (Marxist),29639,377,30016,14.3,188,3,CPI(M)
4,SHANKAR JANA,SOCIALIST UNITY CENTRE OF INDIA (COMMUNIST),1339,7,1346,0.64,188,5,SUCOI(C)
5,NOTA,None of the Above,2335,10,2345,1.12,188,4,NOTA
1,INDRANIL SEN,All India Trinamool Congress,85604,1174,86778,47.63,189,1,AITC
2,GAUTAM SARKAR,Communist Party of India (Marxist),33071,631,33702,18.5,189,3,CPI(M)
3,DEEPANJAN KUMAR GUHA,Bharatiya Janata Party,55275,474,55749,30.6,189,2,BJP
4,UDAY VEER CHOUDHURY,Independent,532,6,538,0.3,189,6,I
5,TANDRA BHATTACHARJEE (TANDRADI),Independent,352,13,365,0.2,189,8,I
6,PRALOY MUKHERJEE,Independent,304,3,307,0.17,189,9,I
7,RATAN KUMAR CHATTERJEE (R.K.C),Independent,1179,5,1184,0.65,189,5,I
8,SUBRATA DEY,Independent,531,1,532,0.29,189,7,I
9,NOTA,None of the Above,3000,23,3023,1.66,189,4,NOTA
1,Asit Mazumder (Tapan),All India Trinamool Congress,115802,1302,117104,45.97,190,1,AITC
2,Goutam Mondal,Bahujan Samaj Party,1306,22,1328,0.52,190,5,BSP
3,PRANAB KUMAR GHOSH,All India Forward Bloc,28397,380,28777,11.3,190,3,AIFB
4,Locket Chatterjee,Bharatiya Janata Party,98011,676,98687,38.74,190,2,BJP
5,Ajanta Sarkar,Socialist Party (India),1034,8,1042,0.41,190,7,SP(I)
6,AJIT KUMAR MURMU,Ambedkarite Party of India,827,12,839,0.33,190,8,API
7,Kashinath Murmu,Independent,1297,14,1311,0.51,190,6,I
8,Gopal Jee Pandey,Independent,639,7,646,0.25,190,10,I
9,Debkanta Sikdar,Independent,658,7,665,0.26,190,9,I
10,NOTA,None of the Above,4319,19,4338,1.7,190,4,NOTA
1,MANORANJAN BAPARI,All India Trinamool Congress,99524,840,100364,45.63,191,1,AITC
2,MAHAMAYA MONDAL,Communist Party of India (Marxist),19592,174,19766,8.99,191,3,CPI(M)
3,SUBHAS CHANDRA HALDAR,Bharatiya Janata Party,93993,587,94580,43.0,191,2,BJP
4,SUKDEB BISWAS,SOCIALIST UNITY CENTRE OF INDIA (COMMUNIST),2133,9,2142,0.97,191,5,SUCOI(C)
5,NOTA,None of the Above,3098,7,3105,1.41,191,4,NOTA
1,Amjad Hossain Sk.,Communist Party of India (Marxist),41205,269,41474,18.54,192,3,CPI(M)
2,Partha Sharma,Bharatiya Janata Party,70651,365,71016,31.75,192,2,BJP
3,Mina Roy,Bahujan Samaj Party,1632,18,1650,0.74,192,6,BSP
4,Dr. Ratna De Nag,All India Trinamool Congress,102128,746,102874,45.99,192,1,AITC
5,Paban Mazumder,SOCIALIST UNITY CENTRE OF INDIA (COMMUNIST),1971,11,1982,0.89,192,5,SUCOI(C)
6,Balai Saren,Ambedkarite Party of India,1254,6,1260,0.56,192,7,API
7,Sk. Nasiruddin,Lok Jan Shakti Party,1239,5,1244,0.56,192,8,LJSP
8,NOTA,None of the Above,2159,5,2164,0.97,192,4,NOTA
1,TAPAN DASGUPTA,All India Trinamool Congress,92689,639,93328,48.56,193,1,AITC
2,DEBABRATA BISWAS,Bharatiya Janata Party,83128,428,83556,43.48,193,2,BJP
3,PABITRA DEB,Indian National Congress,8233,99,8332,4.34,193,3,INC
4,Ajoy Das,Independent,556,12,568,0.3,193,8,I
5,Paritosh Karmakar,Independent,306,10,316,0.16,193,9,I
6,Bishnu Chowdhuri,Independent,595,6,601,0.31,193,7,I
7,Milan Das,Independent,706,1,707,0.37,193,6,I
8,Subir Roy,Independent,1745,0,1745,0.91,193,5,I
9,NOTA,None of the Above,3031,6,3037,1.58,193,4,NOTA
1,DEBASHISH DASGUPTA(YASH D GUPTAA),Bharatiya Janata Party,61620,151,61771,29.83,194,2,BJP
2,MD. SALIM,Communist Party of India (Marxist),37005,156,37161,17.94,194,3,CPI(M)
3,SWATI KHANDOKER,All India Trinamool Congress,102719,399,103118,49.79,194,1,AITC
4,ABDUL RAHIM MOLLICK,Independent,1882,4,1886,0.91,194,5,I
5,ONKAR MAJUMDER,Independent,1011,3,1014,0.49,194,6,I
6,NOTA,None of the Above,2153,3,2156,1.04,194,4,NOTA
1,DEBJIT SARKAR,Bharatiya Janata Party,83474,485,83959,39.9,195,2,BJP
2,SNEHASIS CHAKRABORTY,All India Trinamool Congress,101054,831,101885,48.42,195,1,AITC
3,SK. MAINUDDIN,Rashtriya Secular Majlis Party,17661,95,17756,8.44,195,3,RSMP
4,TANUSREE GHOSH,Independent,654,7,661,0.31,195,7,I
5,SAMIR BANDYOPADHYAY,Independent,449,18,467,0.22,195,8,I
6,SK. AMJAD ALI,Independent,953,5,958,0.46,195,6,I
7,SK. SAMSUDDIN,Independent,1681,4,1685,0.8,195,5,I
8,NOTA,None of the Above,3031,9,3040,1.44,195,4,NOTA
1,Dr. Karabi Manna,All India Trinamool Congress,109128,1087,110215,49.92,196,1,AITC
2,Totan Bag,Bahujan Samaj Party,2108,24,2132,0.97,196,5,BSP
3,Samiran Mitra,Bharatiya Janata Party,86561,582,87143,39.47,196,2,BJP
4,Biswanath Ghosh,SOCIALIST UNITY CENTRE OF INDIA (COMMUNIST),2103,19,2122,0.96,196,6,SUCOI(C)
5,Simal Saren,Rashtriya Secular Majlis Party,15662,133,15795,7.15,196,3,RSMP
6,NOTA,None of the Above,3344,23,3367,1.53,196,4,NOTA
1,ANIRBAN SAHA,Indian National Congress,8929,104,9033,3.86,197,3,INC
2,ASIMA PATRA,All India Trinamool Congress,123509,1267,124776,53.36,197,1,AITC
3,TUSAR KUMAR MAJUMDAR,Bharatiya Janata Party,93861,756,94617,40.46,197,2,BJP
4,SAJAL KUMAR DE,Communist Party of India (Marxist-Leninist) (Liberation),3215,15,3230,1.38,197,4,CPI(M)(L)
5,NOTA,None of the Above,2167,15,2182,0.93,197,5,NOTA
1,RAMENDU SINHARAY,All India Trinamool Congress,95384,1314,96698,46.96,198,1,AITC
2,SURAJIT GHOSH,Communist Party of India (Marxist),14396,199,14595,7.09,198,3,CPI(M)
3,Dr. Swapan Dasgupta,Bharatiya Janata Party,88461,753,89214,43.33,198,2,BJP
4,Sanju Chakraborty,Republican Party of India (Athawale),1690,7,1697,0.82,198,5,RPI(A)
5,Sukumar Khanra,Independent,954,7,961,0.47,198,6,I
6,NOTA,None of the Above,2740,12,2752,1.34,198,4,NOTA
1,DILIP YADAV,All India Trinamool Congress,90505,651,91156,40.86,199,2,AITC
2,BIMAN GHOSH,Bharatiya Janata Party,118607,727,119334,53.5,199,1,BJP
3,MONIKA MALIK GHOSH,Indian National Congress,7733,95,7828,3.51,199,3,INC
4,CHIRANJIT BARIK,Independent,1952,16,1968,0.88,199,5,I
5,NOTA,None of the Above,2776,12,2788,1.25,199,4,NOTA
1,BANKIM CHANDRA SANTRA,Bahujan Samaj Party,2761,19,2780,1.26,200,5,BSP
2,MADHUSUDAN BAG,Bharatiya Janata Party,102518,590,103108,46.88,200,1,BJP
3,SAKTI MOHON MALIK,Communist Party of India (Marxist),14841,124,14965,6.8,200,3,CPI(M)
4,SUJATA MONDAL,All India Trinamool Congress,95332,604,95936,43.62,200,2,AITC
5,NOTA,None of the Above,3163,8,3171,1.44,200,4,NOTA
1,BISWANATH KARAK,Bharatiya Janata Party,101743,484,102227,46.56,201,1,BJP
2,MANAS MAJUMDAR,All India Trinamool Congress,97523,557,98080,44.67,201,2,AITC
3,SHIBA PRASAD MALICK,All India Forward Bloc,14288,90,14378,6.55,201,3,AIFB
4,SAMIR ROY,Bahujan Samaj Party,2364,14,2378,1.08,201,5,BSP
5,NOTA,None of the Above,2472,10,2482,1.13,201,4,NOTA
1,MUNSI NAZBUL KARIM,All India Trinamool Congress,94067,452,94519,43.36,202,2,AITC
2,SUSANTA GHOSH,Bharatiya Janata Party,106819,584,107403,49.27,202,1,BJP
3,FAISAL KHAN,Rashtriya Secular Majlis Party,8666,66,8732,4.01,202,3,RSMP
4,ATANU SAMANTA,Independent,905,21,926,0.42,202,7,I
5,ADITYA MANIK,Independent,1036,9,1045,0.48,202,6,I
6,CHANDAN SAMANTA,Independent,2085,3,2088,0.96,202,5,I
7,NOTA,None of the Above,3275,3,3278,1.5,202,4,NOTA
1,Goutam Panda,Communist Party of India,14552,166,14718,6.24,203,3,CPI
2,Saumen Kumar Mahapatra,All India Trinamool Congress,107441,802,108243,45.86,203,1,AITC
3,Hare Krishna Bera,Bharatiya Janata Party,106624,826,107450,45.52,203,2,BJP
4,Jnanananda Roy,SOCIALIST UNITY CENTRE OF INDIA (COMMUNIST),2739,17,2756,1.17,203,4,SUCOI(C)
5,Sulalit Mallick,Amra Bangalee,189,3,192,0.08,203,8,AB
6,Bhim Patra,Independent,773,1,774,0.33,203,6,I
7,Sandip Batabyal,Independent,760,2,762,0.32,203,7,I
8,NOTA,None of the Above,1130,6,1136,0.48,203,5,NOTA
1,Ibrahim Ali Sk,Communist Party of India (Marxist),20634,83,20717,10.44,204,3,CPI(M)
2,Debabrata Pattanayek,Bharatiya Janata Party,81318,235,81553,41.11,204,2,BJP
3,Biplab Roy Chowdhury,All India Trinamool Congress,90972,241,91213,45.97,204,1,AITC
4,Chandramohan Manik,SOCIALIST UNITY CENTRE OF INDIA (COMMUNIST),1452,6,1458,0.73,204,4,SUCOI(C)
5,Tarun Mandal,Indian Unity Centre,391,1,392,0.2,204,8,IUC
6,Bimal Poria,Amra Bangalee,904,0,904,0.46,204,7,AB
7,Samir Hossain,Independent,977,3,980,0.49,204,6,I
8,NOTA,None of the Above,1177,6,1183,0.6,204,5,NOTA
1,CHITTARANJAN DASTHAKUR,Communist Party of India,14984,140,15124,6.46,205,3,CPI
2,PHIROJA BIBI,All India Trinamool Congress,111047,658,111705,47.71,205,1,AITC
3,SINTU SENAPATI,Bharatiya Janata Party,102144,672,102816,43.91,205,2,BJP
4,PREETILATA DAS TEWARI,Lok Jan Shakti Party,813,4,817,0.35,205,7,LJSP
5,SUNIL KUMAR JANA,SOCIALIST UNITY CENTRE OF INDIA (COMMUNIST),1230,9,1239,0.53,205,5,SUCOI(C)
6,NARAYAN KINKAR MISHRA,Independent,1101,2,1103,0.47,205,6,I
7,NOTA,None of the Above,1331,6,1337,0.57,205,4,NOTA
1,Ashoke Dinda,Bharatiya Janata Party,107054,1055,108109,48.17,206,1,BJP
2,Kamal Bag,Bahujan Samaj Party,761,5,766,0.34,206,6,BSP
3,Manik Bhaumik,Indian National Congress,5030,78,5108,2.28,206,3,INC
4,Sangram Kumar Dolai,All India Trinamool Congress,106027,822,106849,47.61,206,2,AITC
5,Subrata Bag,SOCIALIST UNITY CENTRE OF INDIA (COMMUNIST),1658,16,1674,0.75,206,4,SUCOI(C)
6,Biplab Barai,Independent,232,0,232,0.1,206,8,I
7,Mahammad Ali Sk,Independent,360,1,361,0.16,206,7,I
8,NOTA,None of the Above,1324,11,1335,0.59,206,5,NOTA
1,ADHIKARY NILANJAN,Bharatiya Janata Party,102106,669,102775,45.22,207,2,BJP
2,KARUNA SANKAR BHOWMIK,Communist Party of India (Marxist),12651,131,12782,5.62,207,3,CPI(M)
3,SUKUMAR DE,All India Trinamool Congress,107330,851,108181,47.6,207,1,AITC
4,Saumitra Pattanayak,SOCIALIST UNITY CENTRE OF INDIA (COMMUNIST),1341,8,1349,0.59,207,5,SUCOI(C)
5,Marphat Ali Khan,Independent,711,4,715,0.31,207,6,I
6,NOTA,None of the Above,1471,2,1473,0.65,207,4,NOTA
1,TILAK KUMAR CHAKRABORTY,All India Trinamool Congress,100768,1218,101986,46.49,208,1,AITC
2,BISWANATH BANERJEE,Bharatiya Janata Party,98635,965,99600,45.41,208,2,BJP
3,TAPAN KUMAR MAITY,SOCIALIST UNITY CENTRE OF INDIA (COMMUNIST),969,13,982,0.45,208,5,SUCOI(C)
4,BIKRAM CHATTERJEE,Rashtriya Secular Majlis Party,13685,111,13796,6.29,208,3,RSMP
5,KOUSHIK DAS,Independent,429,9,438,0.2,208,7,I
6,PHAJLUR RAHAMAN SEK,Independent,785,3,788,0.36,208,6,I
7,NOTA,None of the Above,1759,6,1765,0.8,208,4,NOTA
1,Kar Paik Manika,Communist Party of India (Marxist),22510,178,22688,10.27,209,3,CPI(M)
2,Tapasi Mondal,Bharatiya Janata Party,103489,637,104126,47.15,209,1,BJP
3,Subrata Ghorai,Bahujan Samaj Party,1920,2,1922,0.87,209,4,BSP
4,Swapan Naskar,All India Trinamool Congress,88663,455,89118,40.36,209,2,AITC
5,Narayan Pramanik,SOCIALIST UNITY CENTRE OF INDIA (COMMUNIST),1548,8,1556,0.7,209,5,SUCOI(C)
6,NOTA,None of the Above,1408,5,1413,0.64,209,6,NOTA
1,ADHIKARI SUVENDU,Bharatiya Janata Party,109673,1091,110764,48.49,210,1,BJP
2,Mamata Banerjee,All India Trinamool Congress,107937,871,108808,47.64,210,2,AITC
3,Minakshi Mukherjee,Communist Party of India (Marxist),6198,69,6267,2.74,210,3,CPI(M)
4,MANOJ KUMAR DAS,SOCIALIST UNITY CENTRE OF INDIA (COMMUNIST),235,5,240,0.11,210,7,SUCOI(C)
5,Dipak Kumar Gayen,Independent,74,0,74,0.03,210,8,I
6,Subrata Bose,Independent,72,1,73,0.03,210,9,I
7,Sk Saddam Hossain,Independent,310,3,313,0.14,210,6,I
8,Swapan Parua,Independent,773,3,776,0.34,210,5,I
9,NOTA,None of the Above,1089,1,1090,0.48,210,4,NOTA
1,Ashis Kumar Guchhait,Communist Party of India (Marxist),9708,129,9837,4.46,211,3,CPI(M)
2,Pulak Kanti Guria,Bharatiya Janata Party,95695,603,96298,43.71,211,2,BJP
3,Biswanath Ghorai,Bahujan Samaj Party,1253,1,1254,0.57,211,5,BSP
4,Soham Chakraborty,All India Trinamool Congress,109193,577,109770,49.82,211,1,AITC
5,Bikash Chandra Das,West Bengal Socialist Party,1365,0,1365,0.62,211,4,WBSP
6,Swapan Kumar Bhowmik,SOCIALIST UNITY CENTRE OF INDIA (COMMUNIST),470,5,475,0.22,211,8,SUCOI(C)
7,Arup Kumar Sahoo,Independent,589,3,592,0.27,211,7,I
8,NOTA,None of the Above,726,10,736,0.33,211,6,NOTA
1,AMBUJAKSHA MAHANTI,Bharatiya Janata Party,94402,903,95305,45.64,212,2,BJP
2,UTTAM BARIK,All India Trinamool Congress,104268,1031,105299,50.42,212,1,AITC
3,SAIKAT GIRI,Communist Party of India,6525,106,6631,3.18,212,3,CPI
4,SURJYENDU BIKASH PATRA,SOCIALIST UNITY CENTRE OF INDIA (COMMUNIST),721,10,731,0.35,212,5,SUCOI(C)
5,NOTA,None of the Above,856,5,861,0.41,212,4,NOTA
1,TARUN KUMAR JANA,All India Trinamool Congress,103116,1078,104194,45.62,213,2,AITC
2,SUTANU MAITY,Communist Party of India (Marxist),6432,72,6504,2.85,213,3,CPI(M)
3,SUMITA SINHA,Bharatiya Janata Party,112677,847,113524,49.7,213,1,BJP
4,PANCHANAN DAS,SOCIALIST UNITY CENTRE OF INDIA (COMMUNIST),767,6,773,0.34,213,6,SUCOI(C)
5,BISWANATH DAS,Indian Unity Centre,198,0,198,0.09,213,9,IUC
6,DEBASIS DAS,Independent,213,0,213,0.09,213,8,I
7,PRABIR MISHRA,Independent,864,2,866,0.38,213,5,I
8,LIRIKA MUKTAR,Independent,649,3,652,0.29,213,7,I
9,NOTA,None of the Above,1486,6,1492,0.65,213,4,NOTA
1,ARDHENDU MAITY,All India Trinamool Congress,93228,703,93931,42.19,214,2,AITC
2,RABINDRANATH MAITY,Bharatiya Janata Party,120633,847,121480,54.56,214,1,BJP
3,SHIU MAITI,Indian National Congress,5192,82,5274,2.37,214,3,INC
4,ASOKTARU PRADHAN,SOCIALIST UNITY CENTRE OF INDIA (COMMUNIST),938,8,946,0.42,214,5,SUCOI(C)
5,NOTA,None of the Above,1013,6,1019,0.46,214,4,NOTA
1,PARTHA PRATIM DAS,All India Trinamool Congress,91814,628,92442,43.48,215,2,AITC
2,SANTANU PRAMANIK,Bharatiya Janata Party,109697,710,110407,51.93,215,1,BJP
3,HIMANGSHU DAS,Communist Party of India (Marxist),7747,65,7812,3.67,215,3,CPI(M)
4,Somnath Mandal,SOCIALIST UNITY CENTRE OF INDIA (COMMUNIST),817,7,824,0.39,215,5,SUCOI(C)
5,NOTA,None of the Above,1129,7,1136,0.53,215,4,NOTA
1,ANURUP PANDA,Communist Party of India,5895,119,6014,3.09,216,3,CPI
2,ARUP KUMAR DAS,Bharatiya Janata Party,97499,978,98477,50.58,216,1,BJP
3,JYOTIRMOY KAR,All India Trinamool Congress,87257,927,88184,45.3,216,2,AITC
4,SHRABANI PAHARI,SOCIALIST UNITY CENTRE OF INDIA (COMMUNIST),1130,6,1136,0.58,216,4,SUCOI(C)
5,NOTA,None of the Above,863,7,870,0.45,216,5,NOTA
1,AKHIL GIRI,All India Trinamool Congress,111870,752,112622,50.72,217,1,AITC
2,SABYASACHI JANA,Communist Party of India (Marxist),6657,94,6751,3.04,217,3,CPI(M)
3,SWADESH RANJAN NAYAK,Bharatiya Janata Party,99477,628,100105,45.08,217,2,BJP
4,ARATI PAHARI,SOCIALIST UNITY CENTRE OF INDIA (COMMUNIST),942,2,944,0.43,217,5,SUCOI(C)
5,TRAYEE PRADHAN,Right to Recall Party,399,6,405,0.18,217,6,RTRP
6,NOTA,None of the Above,1230,3,1233,0.56,217,4,NOTA
1,ARUP DASH,Bharatiya Janata Party,106357,915,107272,44.55,218,2,BJP
2,TARUN KUMAR MAITY,All India Trinamool Congress,124805,958,125763,52.22,218,1,AITC
3,MANAS KUMAR KARMAHAPATRA,Indian National Congress,4997,89,5086,2.11,218,3,INC
4,JAGADIS SAU,SOCIALIST UNITY CENTRE OF INDIA (COMMUNIST),1290,13,1303,0.54,218,5,SUCOI(C)
5,NOTA,None of the Above,1388,5,1393,0.58,218,4,NOTA
1,BIKRAM CHANDRA PRADHAN,All India Trinamool Congress,94609,600,95209,48.13,219,1,AITC
2,Saktipada Nayak,Bharatiya Janata Party,93834,752,94586,47.82,219,2,BJP
3,SISIR KUMAR PATRA,Communist Party of India,5556,96,5652,2.86,219,3,CPI
4,SUBHAS DAS,SOCIALIST UNITY CENTRE OF INDIA (COMMUNIST),1096,5,1101,0.56,219,5,SUCOI(C)
5,NOTA,None of the Above,1245,5,1250,0.63,219,4,NOTA
1,DULAL MURMU,All India Trinamool Congress,99825,1078,100903,52.46,220,1,AITC
2,BAKUL MURMU,Bharatiya Janata Party,77089,1060,78149,40.63,220,2,BJP
3,SHYAM MANDI,Bahujan Samaj Party,1844,14,1858,0.97,220,5,BSP
4,HARIPADA SAREN,Communist Party of India (Marxist),5755,108,5863,3.05,220,3,CPI(M)
5,KALICHARAN BESHRA,SOCIALIST UNITY CENTRE OF INDIA (COMMUNIST),685,4,689,0.36,220,8,SUCOI(C)
6,BIDHAN CHANDRA SING,Independent,896,9,905,0.47,220,6,I
7,SHYAMLAL HANSDA,Independent,897,4,901,0.47,220,7,I
8,NOTA,None of the Above,3077,9,3086,1.6,220,4,NOTA
1,Dr. Khagendra Nath Mahata,All India Trinamool Congress,102710,1405,104115,52.3,221,1,AITC
2,Prasanta Kumar Das,Communist Party of India (Marxist),5689,130,5819,2.92,221,3,CPI(M)
3,Banamali Nayek,Bahujan Samaj Party,1248,12,1260,0.63,221,5,BSP
4,Sanjit Mahata,Bharatiya Janata Party,79106,1241,80347,40.36,221,2,BJP
5,Ashoke Mahata,Independent,972,8,980,0.49,221,8,I
6,Jiten Giri,Independent,572,17,589,0.3,221,10,I
7,Rajesh Mahato,Independent,1162,5,1167,0.59,221,7,I
8,Subhas Mahata (Bula Babu),Independent,1214,10,1224,0.61,221,6,I
9,Susanta Kumar Das,Independent,767,11,778,0.39,221,9,I
10,NOTA,None of the Above,2781,10,2791,1.4,221,4,NOTA
1,BIRBAHA HANSDA,All India Trinamool Congress,108044,1449,109493,54.26,222,1,AITC
2,MADHUJA SEN ROY,Communist Party of India (Marxist),10179,251,10430,5.17,222,3,CPI(M)
3,RAMKRISHNA SARKAR,Bahujan Samaj Party,1786,16,1802,0.89,222,5,BSP
4,SUKHAMAY SATPATHY (JAHAR),Bharatiya Janata Party,70048,1205,71253,35.31,222,2,BJP
5,ARCHANA SAIN,SOCIALIST UNITY CENTRE OF INDIA (COMMUNIST),1187,6,1193,0.59,222,6,SUCOI(C)
6,LAXMAN HANSDA,Amra Bangalee,573,7,580,0.29,222,10,AB
7,ASHUTOSH RANA,Independent,488,11,499,0.25,222,11,I
8,MADHUSUDAN SINGHA,Independent,1155,4,1159,0.57,222,7,I
9,SIBAJI MAHATA,Independent,786,14,800,0.4,222,9,I
10,HAMLET BASKEY,Independent,941,11,952,0.47,222,8,I
11,NOTA,None of the Above,3615,21,3636,1.8,222,4,NOTA
1,PARESH MURMU,All India Trinamool Congress,105826,540,106366,50.01,223,1,AITC
2,DR. PULIN BIHARI BASKE,Communist Party of India (Marxist),9165,105,9270,4.36,223,3,CPI(M)
3,MITHUN MANDI,Bahujan Samaj Party,1899,5,1904,0.9,223,5,BSP
4,SONALI MURMU SOREN,Bharatiya Janata Party,90298,738,91036,42.8,223,2,BJP
5,JHARESWAR ROUTH,SOCIALIST UNITY CENTRE OF INDIA (COMMUNIST),1523,12,1535,0.72,223,6,SUCOI(C)
6,NOTA,None of the Above,2564,6,2570,1.21,223,4,NOTA
1,PRADIP SARKAR,All India Trinamool Congress,75461,375,75836,44.25,224,2,AITC
2,REETA SHARMA,Indian National Congress,10705,86,10791,6.3,224,3,INC
3,HIRANMOY CHATTOPADHYAYA,Bharatiya Janata Party,79129,478,79607,46.45,224,1,BJP
4,D. MADHUSUDAN RAO,Humanity Universal Motion Party,1697,4,1701,0.99,224,5,HUMP
5,SURANJAN MAHAPATRA,SOCIALIST UNITY CENTRE OF INDIA (COMMUNIST),800,7,807,0.47,224,6,SUCOI(C)
6,NOTA,None of the Above,2628,15,2643,1.54,224,4,NOTA
1,ATTA SURJA KANTA,All India Trinamool Congress,100440,454,100894,46.33,225,1,AITC
2,TAPAS SINHA,Communist Party of India (Marxist),13070,159,13229,6.08,225,3,CPI(M)
3,RAMA PRASAD GIRI,Bharatiya Janata Party,97758,720,98478,45.23,225,2,BJP
4,SHYAMA PADA JANA,SOCIALIST UNITY CENTRE OF INDIA (COMMUNIST),2812,21,2833,1.3,225,4,SUCOI(C)
5,BANAMALI DAS,Independent,557,3,560,0.26,225,6,I
6,NOTA,None of the Above,1750,6,1756,0.81,225,5,NOTA
1,AMULYA MAITY,Bharatiya Janata Party,100807,1427,102234,43.28,226,2,BJP
2,CHIRANJIB BHOWMIK,Indian National Congress,17099,344,17443,7.38,226,3,INC
3,MANAS RANJAN BHUNIA,All India Trinamool Congress,110370,1728,112098,47.46,226,1,AITC
4,DEBASHIS BARMAN,Amra Bangalee,1408,2,1410,0.6,226,6,AB
5,Harekrishna Maiti,SOCIALIST UNITY CENTRE OF INDIA (COMMUNIST),1453,29,1482,0.63,226,5,SUCOI(C)
6,NOTA,None of the Above,1515,19,1534,0.65,226,4,NOTA
1,AJIT MAITY,All India Trinamool Congress,111624,811,112435,49.17,227,1,AITC
2,ANTARA BHATTACHARYYA,Bharatiya Janata Party,104754,1025,105779,46.26,227,2,BJP
3,SAMIR ROY,Indian National Congress,7021,82,7103,3.11,227,3,INC
4,SISHIR KUMAR MANNA,SOCIALIST UNITY CENTRE OF INDIA (COMMUNIST),1270,9,1279,0.56,227,5,SUCOI(C)
5,NOTA,None of the Above,2060,13,2073,0.91,227,4,NOTA
1,TAPAN BHUYA,Bharatiya Janata Party,72505,992,73497,36.74,228,2,BJP
2,DINEN ROY,All India Trinamool Congress,109250,477,109727,54.85,228,1,AITC
3,SYED SADDAM ALI,Communist Party of India (Marxist),11156,89,11245,5.62,228,3,CPI(M)
4,BARSHA MAHAPATRA,Amra Bangalee,611,6,617,0.31,228,7,AB
5,MANIK CHANDRA PARIA,SOCIALIST UNITY CENTRE OF INDIA (COMMUNIST),949,5,954,0.48,228,6,SUCOI(C)
6,SEKH ABDUR RAHAMAN,Humanity Universal Motion Party,1687,3,1690,0.84,228,5,HUMP
7,NOTA,None of the Above,2310,4,2314,1.16,228,4,NOTA
1,PRANKRISHNA MONDAL,Communist Party of India (Marxist),20450,273,20723,10.12,229,3,CPI(M)
2,BHARATI GHOSH,Bharatiya Janata Party,83654,970,84624,41.31,229,2,BJP
3,HUMAYUN KABIR,All India Trinamool Congress,94683,1167,95850,46.79,229,1,AITC
4,DIPANKAR MAITY,SOCIALIST UNITY CENTRE OF INDIA (COMMUNIST),1501,8,1509,0.74,229,4,SUCOI(C)
5,SUKANTA DAS,Independent,806,1,807,0.39,229,6,I
6,NOTA,None of the Above,1346,7,1353,0.66,229,5,NOTA
1,DHRUBA SEKHAR MANDAL,Communist Party of India (Marxist),16649,396,17045,7.66,230,3,CPI(M)
2,PRASANTA BERA,Bharatiya Janata Party,87178,733,87911,39.52,230,2,BJP
3,MAMATA BHUNIA,All India Trinamool Congress,113911,842,114753,51.58,230,1,AITC
4,JAGADISH MONDAL ADHIKARY,SOCIALIST UNITY CENTRE OF INDIA (COMMUNIST),1379,8,1387,0.62,230,4,SUCOI(C)
5,NOTA,None of the Above,1356,12,1368,0.61,230,5,NOTA
1,KAMAL CHANDRA DOLUI,Communist Party of India (Marxist),9931,234,10165,4.51,231,3,CPI(M)
2,SITAL KAPAT,Bharatiya Janata Party,104753,1059,105812,46.95,231,1,BJP
3,SHANKAR DOLAI,All India Trinamool Congress,104044,802,104846,46.52,231,2,AITC
4,ANJAN JANA,SOCIALIST UNITY CENTRE OF INDIA (COMMUNIST),1998,10,2008,0.89,231,4,SUCOI(C)
5,TAPAN KUMAR DOLUI,Independent,1232,7,1239,0.55,231,6,I
6,NOTA,None of the Above,1295,10,1305,0.58,231,5,NOTA
1,ARUP DHARA,All India Trinamool Congress,121315,531,121846,48.87,232,1,AITC
2,SIBARAM DAS,Bharatiya Janata Party,109831,734,110565,44.35,232,2,BJP
3,AKSHAY KHAN,SOCIALIST UNITY CENTRE OF INDIA (COMMUNIST),1524,3,1527,0.61,232,6,SUCOI(C)
4,GOURANGA DAS,Rashtriya Secular Majlis Party,10712,89,10801,4.33,232,3,RSMP
5,SUDHIR ARI,Independent,1666,4,1670,0.67,232,5,I
6,NOTA,None of the Above,2900,6,2906,1.17,232,4,NOTA
1,Uttara Singha (Hazra),All India Trinamool Congress,94358,570,94928,45.71,233,1,AITC
2,Ghosh Kumar Tapan,Communist Party of India (Marxist),22912,130,23042,11.09,233,3,CPI(M)
3,Madan Ruidas,Bharatiya Janata Party,83739,617,84356,40.62,233,2,BJP
4,Tapas Kumar Mishra,SOCIALIST UNITY CENTRE OF INDIA (COMMUNIST),1796,7,1803,0.87,233,5,SUCOI(C)
5,Kutubuddin Khan,Independent,830,3,833,0.4,233,6,I
6,NOTA,None of the Above,2701,18,2719,1.31,233,4,NOTA
1,Ghosh Susanta,Communist Party of India (Marxist),19650,209,19859,7.97,234,3,CPI(M)
2,Rajib Kundu,Bharatiya Janata Party,92415,961,93376,37.47,234,2,BJP
3,Srikanta Mahata,All India Trinamool Congress,125097,923,126020,50.57,234,1,AITC
4,Akshaya Kumar Mahata,Amra Bangalee,1591,18,1609,0.65,234,7,AB
5,Paresh Chandra Dutta,SOCIALIST UNITY CENTRE OF INDIA (COMMUNIST),563,2,565,0.23,234,10,SUCOI(C)
6,Md. Kabirul Islam Khan,Humanity Universal Motion Party,753,3,756,0.3,234,8,HUMP
7,Animesh Mahata,Independent,741,4,745,0.3,234,9,I
8,Rasbihari Mahata,Independent,2632,11,2643,1.06,234,4,I
9,Laksmi Kanta Murmu,Independent,1643,14,1657,0.66,234,6,I
10,NOTA,None of the Above,1956,9,1965,0.79,234,5,NOTA
1,Pritish Ranjan Kuar,Bharatiya Janata Party,95859,413,96272,41.82,235,2,BJP
2,Rameswar Doloi,Communist Party of India (Marxist),13572,98,13670,5.94,235,3,CPI(M)
3,Seuli Saha,All India Trinamool Congress,116520,472,116992,50.81,235,1,AITC
4,NOTA,None of the Above,3287,11,3298,1.43,235,4,NOTA
1,June Maliah,All India Trinamool Congress,119964,1211,121175,50.72,236,1,AITC
2,TARUN KUMAR GHOSH,Communist Party of India,12565,419,12984,5.43,236,3,CPI
3,Samit Kumar Dash,Bharatiya Janata Party,95168,1610,96778,40.51,236,2,BJP
4,DEBASISH AICH,SOCIALIST UNITY CENTRE OF INDIA (COMMUNIST),1468,32,1500,0.63,236,6,SUCOI(C)
5,Sukesh Palmal,Amra Bangalee,1548,17,1565,0.66,236,5,AB
6,BISHWAJIT MAHATA,Independent,957,11,968,0.41,236,7,I
7,NOTA,None of the Above,3900,28,3928,1.64,236,4,NOTA
1,DIBAKAR HANSDA,Communist Party of India (Marxist),8268,85,8353,4.42,237,3,CPI(M)
2,DEBNATH HANSDA,All India Trinamool Congress,99786,491,100277,53.11,237,1,AITC
3,PATAL CHANDRA MURMU,Bahujan Samaj Party,3526,4,3530,1.87,237,5,BSP
4,PALAN SAREN,Bharatiya Janata Party,60213,570,60783,32.19,237,2,BJP
5,RAJIB MUDI,SOCIALIST UNITY CENTRE OF INDIA (COMMUNIST),1729,3,1732,0.92,237,9,SUCOI(C)
6,NITYALAL SING,Independent,6308,10,6318,3.35,237,4,I
7,BABLU MURMU,Independent,2679,6,2685,1.42,237,7,I
8,MANGAL CHANDRA SARDAR,Independent,1813,2,1815,0.96,237,8,I
9,NOTA,None of the Above,3296,9,3305,1.75,237,6,NOTA
1,TIKARAM HEMBRAM,Bahujan Samaj Party,2976,11,2987,1.24,238,5,BSP
2,PARCY MURMU,Bharatiya Janata Party,93298,1208,94506,39.21,238,2,BJP
3,BESRA SUSANTA KUMAR,Communist Party of India (Marxist),21928,276,22204,9.21,238,3,CPI(M)
4,RAJIB LOCHAN SAREN,All India Trinamool Congress,112183,1154,113337,47.02,238,1,AITC
5,SIB SANKAR SINGH,Independent,5008,59,5067,2.1,238,4,I
6,NOTA,None of the Above,2939,15,2954,1.23,238,6,NOTA
1,ANANDI TUDU,Bahujan Samaj Party,1410,6,1416,0.72,239,8,BSP
2,UTTAM KUMAR BANDYOPADHYAY,Indian National Congress,8842,53,8895,4.49,239,3,INC
3,BANESWAR MAHATO,Bharatiya Janata Party,88803,718,89521,45.22,239,1,BJP
4,SHANTIRAM MAHATO,All India Trinamool Congress,88530,568,89098,45.01,239,2,AITC
5,DIPAK KUMAR,SOCIALIST UNITY CENTRE OF INDIA (COMMUNIST),1791,2,1793,0.91,239,6,SUCOI(C)
6,SITARAM HANSDA,Ambedkarite Party of India,2150,3,2153,1.09,239,5,API
7,SUBHASH MAHATO,Bharateeya Manavadhikar party,1167,3,1170,0.59,239,9,BMP
8,ASWINI SINGH SARDAR,Independent,1467,11,1478,0.75,239,7,I
9,NOTA,None of the Above,2432,9,2441,1.23,239,4,NOTA
1,Debranjan Mahato,All India Forward Bloc,11733,109,11842,5.74,240,4,AIFB
2,Nepal Chandra Mahato,Indian National Congress,50615,431,51046,24.74,240,3,INC
3,Sushanta Mahato,All India Trinamool Congress,75245,660,75905,36.79,240,1,AITC
4,Ashutosh Mahato,AJSU Party,61510,426,61936,30.02,240,2,AP
5,Pashupati Mahato,Amra Bangalee,1992,8,2000,0.97,240,6,AB
6,Mrityunjoy Singh Babu,SOCIALIST UNITY CENTRE OF INDIA (COMMUNIST),1182,6,1188,0.58,240,7,SUCOI(C)
7,NOTA,None of the Above,2375,11,2386,1.16,240,5,NOTA
1,Dhirendra Nath Mahato,All India Forward Bloc,19200,213,19413,9.57,241,4,AIFB
2,Nara Hari Mahato,Bharatiya Janata Party,73713,667,74380,36.68,241,1,BJP
3,Phanibhushan Kumar,Indian National Congress,61611,569,62180,30.67,241,2,INC
4,Jawahar Lal Mahato,Mulnibasi Party of India,2086,16,2102,1.04,241,6,MPI
5,Tirthanath Mahata,Akhil Bharat Hindu Mahasabha,606,7,613,0.3,241,11,ABHM
6,Bhagirath Mahato,SOCIALIST UNITY CENTRE OF INDIA (COMMUNIST),1121,5,1126,0.56,241,10,SUCOI(C)
7,Dibyajoti Singh Deo,Independent,35281,148,35429,17.47,241,3,I
8,Nageswar Mahato,Independent,1405,14,1419,0.7,241,8,I
9,Nepal Chandra Mahato,Independent,1928,52,1980,0.98,241,7,I
10,Bahadur Kushbaha Kuiri,Independent,1162,7,1169,0.58,241,9,I
11,NOTA,None of the Above,2944,12,2956,1.46,241,5,NOTA
1,PARTHA PRATIM BANERJEE,Indian National Congress,24736,260,24996,12.08,242,3,INC
2,Manas Sardar,Bahujan Samaj Party,1032,2,1034,0.5,242,8,BSP
3,Sujoy Banerjee,All India Trinamool Congress,82134,581,82715,39.98,242,2,AITC
4,Sudip Kumar Mukherjee,Bharatiya Janata Party,88899,834,89733,43.38,242,1,BJP
5,Rani Mahato,SOCIALIST UNITY CENTRE OF INDIA (COMMUNIST),1196,13,1209,0.58,242,7,SUCOI(C)
6,Harendra Nath Mahato,Amra Bangalee,385,4,389,0.19,242,11,AB
7,Abhijit Bhattacharya,Independent,424,0,424,0.2,242,10,I
8,Aditya Mahato,Independent,1298,6,1304,0.63,242,6,I
9,Birendranath Mahato,Independent,1916,2,1918,0.93,242,5,I
10,MRITUNJOY PANDEY,Independent,554,4,558,0.27,242,9,I
11,NOTA,None of the Above,2565,23,2588,1.25,242,4,NOTA
1,GOURI SINGH SARDAR,Bharatiya Janata Party,86679,1103,87782,41.07,243,2,BJP
2,PURNA CHANDRA TUDU,Bahujan Samaj Party,1886,19,1905,0.89,243,5,BSP
3,YAMINIKANTA MANDI,Communist Party of India (Marxist),16516,333,16849,7.88,243,3,CPI(M)
4,SANDHYARANI TUDU,All India Trinamool Congress,102169,1129,103298,48.33,243,1,AITC
5,SWAPANKUMAR MURMU,Independent,1595,9,1604,0.75,243,6,I
6,NOTA,None of the Above,2272,19,2291,1.07,243,4,NOTA
1,KAMALAKANTA HANSDA,Bharatiya Janata Party,92061,877,92938,47.69,244,1,BJP
2,MALLIKA MAHATA,Communist Party of India (Marxist),10744,183,10927,5.61,244,3,CPI(M)
3,SWAPAN KUMAR BELTHARIA,All India Trinamool Congress,84829,722,85551,43.9,244,2,AITC
4,DIPAK MAHATO,SOCIALIST UNITY CENTRE OF INDIA (COMMUNIST),2257,12,2269,1.16,244,5,SUCOI(C)
5,NARENDRA NATH MAHATA,Amra Bangalee,804,2,806,0.41,244,6,AB
6,NOTA,None of the Above,2385,16,2401,1.23,244,4,NOTA
1,UMAPADA BAURI,All India Trinamool Congress,82986,354,83340,42.95,245,2,AITC
2,NADIAR CHAND BOURI,Bharatiya Janata Party,86930,417,87347,45.02,245,1,BJP
3,SUDARSHAN RAJWAR,Bahujan Samaj Party,1672,4,1676,0.86,245,6,BSP
4,SWAPAN KUMAR BAURI,Communist Party of India (Marxist),13596,85,13681,7.05,245,3,CPI(M)
5,JAGANNATH BAURI,SOCIALIST UNITY CENTRE OF INDIA (COMMUNIST),1891,6,1897,0.98,245,5,SUCOI(C)
6,BABITA BOURI,Independent,762,10,772,0.4,245,8,I
7,SWAPAN BAURI,Independent,1649,2,1651,0.85,245,7,I
8,NOTA,None of the Above,3647,10,3657,1.88,245,4,NOTA
1,Ganesh Bouri,Communist Party of India (Marxist),14579,159,14738,6.86,246,3,CPI(M)
2,Bouri Parimal,Bahujan Samaj Party,1692,15,1707,0.8,246,8,BSP
3,Bouri Hazari,All India Trinamool Congress,89671,661,90332,42.08,246,2,AITC
4,Vivekananda Bauri,Bharatiya Janata Party,94994,776,95770,44.61,246,1,BJP
5,Pashupati Roy,SOCIALIST UNITY CENTRE OF INDIA (COMMUNIST),3802,27,3829,1.78,246,4,SUCOI(C)
6,Mihir Bauri,Independent,2343,11,2354,1.1,246,7,I
7,Sumanta Bouri,Independent,2386,17,2403,1.12,246,6,I
8,NOTA,None of the Above,3537,20,3557,1.66,246,5,NOTA
1,NANDADULAL BAURI,Communist Party of India (Marxist),13982,102,14084,6.96,247,3,CPI(M)
2,BAURI CHANDANA,Bharatiya Janata Party,91032,616,91648,45.28,247,1,BJP
3,SONTOSH KUMAR MONDAL,All India Trinamool Congress,86814,689,87503,43.23,247,2,AITC
4,ADITYA KUMAR BAURI,Bahujan Mukti Party,3539,15,3554,1.76,247,4,BMP
5,DIPEN BAURI,SOCIALIST UNITY CENTRE OF INDIA (COMMUNIST),2256,5,2261,1.12,247,6,SUCOI(C)
6,NOTA,None of the Above,3350,13,3363,1.66,247,5,NOTA
1,FALGUNI MUKHERJEE,Revolutionary Socialist Party,9615,85,9700,4.93,248,3,RSP
2,SUBASISH BATABYAL,All India Trinamool Congress,82483,586,83069,42.2,248,2,AITC
3,SATYANARAYAN MUKHOPADHYAY,Bharatiya Janata Party,89511,722,90233,45.84,248,1,BJP
4,BAURI DINABANDHU,Bahujan Mukti Party,1832,6,1838,0.93,248,7,BMP
5,SADANANDA MANDAL,SOCIALIST UNITY CENTRE OF INDIA (COMMUNIST),967,11,978,0.5,248,9,SUCOI(C)
6,ANATH BAURI,Independent,804,5,809,0.41,248,10,I
7,ABIR CHANDRA MANDAL,Independent,1218,9,1227,0.62,248,8,I
8,DINANATH CHATTERJEE,Independent,2593,9,2602,1.32,248,6,I
9,RABINDRANATH BOURI,Independent,2857,9,2866,1.46,248,5,I
10,NOTA,None of the Above,3510,4,3514,1.79,248,4,NOTA
1,Kshudiram Tudu,Bharatiya Janata Party,85922,1067,86989,41.19,249,2,BJP
2,Jyotsna Mandi,All India Trinamool Congress,90064,864,90928,43.06,249,1,AITC
3,Deblina Hembram,Communist Party of India (Marxist),19821,236,20057,9.5,249,3,CPI(M)
4,Goutam Kumar Mudi,SOCIALIST UNITY CENTRE OF INDIA (COMMUNIST),1614,19,1633,0.77,249,6,SUCOI(C)
5,Fulchand Hansda,Bahujan Mukti Party,1053,12,1065,0.5,249,8,BMP
6,Sudhir Kumar Murmu,Communist Party of India (Marxist-Leninist) (Liberation),1456,9,1465,0.69,249,7,CPI(M)(L)
7,Biswanath Sardar,Independent,4794,13,4807,2.28,249,4,I
8,NOTA,None of the Above,4215,11,4226,2.0,249,5,NOTA
1,MRITYUNJOY MURMU,All India Trinamool Congress,100387,656,101043,51.96,250,1,AITC
2,SUDHANSHU HANSDA,Bharatiya Janata Party,80760,885,81645,41.98,250,2,BJP
3,MILAN MANDI,Rashtriya Secular Majlis Party,6496,97,6593,3.39,250,3,RSMP
4,SHYAMAPADA MUDI,SOCIALIST UNITY CENTRE OF INDIA (COMMUNIST),1041,7,1048,0.54,250,6,SUCOI(C)
5,SUKCHAND SAREN,Independent,1154,7,1161,0.6,250,5,I
6,NOTA,None of the Above,2973,13,2986,1.54,250,4,NOTA
1,ARUP CHAKRABORTY,All India Trinamool Congress,91146,880,92026,45.29,251,1,AITC
2,MANORANJAN PATRA,Communist Party of India (Marxist),22961,228,23189,11.41,251,3,CPI(M)
3,SHYAMAL KUMAR SARKAR (BENU),Bharatiya Janata Party,78593,1056,79649,39.2,251,2,BJP
4,SUBHENDU MAHATA,SOCIALIST UNITY CENTRE OF INDIA (COMMUNIST),973,13,986,0.49,251,7,SUCOI(C)
5,SANJAY BAURI,Bahujan Mukti Party,347,6,353,0.17,251,9,BMP
6,RAMKRISHNA MAJI,Independent,501,6,507,0.25,251,8,I
7,SANDIP KUMAR DEY,Independent,1881,8,1889,0.93,251,5,I
8,SUNIL MURMU,Independent,1058,11,1069,0.53,251,6,I
9,NOTA,None of the Above,3509,9,3518,1.73,251,4,NOTA
1,NILADRI SEKHAR DANA,Bharatiya Janata Party,94470,996,95466,43.79,252,1,BJP
2,RADHARANI BANERJEE,Indian National Congress,13542,222,13764,6.31,252,3,INC
3,SADHAN CHATTARAJ,Bahujan Samaj Party,1305,9,1314,0.6,252,7,BSP
4,SAYANTIKA BANERJEE,All India Trinamool Congress,93093,905,93998,43.12,252,2,AITC
5,LINA GHOSH,SOCIALIST UNITY CENTRE OF INDIA (COMMUNIST),1699,21,1720,0.79,252,6,SUCOI(C)
6,HULU KSHETRAPAL,Bahujan Mukti Party,501,8,509,0.23,252,11,BMP
7,BAIDYANATH KISKU,Independent,495,8,503,0.23,252,12,I
8,SK. HASIMUDDIN,Independent,884,4,888,0.41,252,10,I
9,SWADESH MANDAL,Independent,3280,23,3303,1.52,252,5,I
10,SWAPAN KUMAR DAS,Independent,1031,12,1043,0.48,252,8,I
11,HARIPADA MAHATO,Independent,970,1,971,0.45,252,9,I
12,NOTA,None of the Above,4491,16,4507,2.07,252,4,NOTA
1,ALOK MUKHERJEE,All India Trinamool Congress,92672,618,93290,42.51,253,1,AITC
2,SUJIT CHAKRABORTY,Communist Party of India (Marxist),25015,220,25235,11.5,253,3,CPI(M)
3,SUPRITI CHATTERJEE,Bharatiya Janata Party,89460,561,90021,41.02,253,2,BJP
4,BABLU GORAI,Bahujan Mukti Party,1365,6,1371,0.62,253,7,BMP
5,SUDARSHAN ADHIKARI,SOCIALIST UNITY CENTRE OF INDIA (COMMUNIST),1157,3,1160,0.53,253,8,SUCOI(C)
6,TARANI ROY,Independent,2076,5,2081,0.95,253,5,I
7,SATYAM BAURI,Independent,1390,1,1391,0.63,253,6,I
8,NOTA,None of the Above,4894,9,4903,2.23,253,4,NOTA
1,AMARNATH SHAKHA,Bharatiya Janata Party,104248,692,104940,46.48,254,1,BJP
2,ARUP KUMAR KHAN,All India Trinamool Congress,92715,674,93389,41.37,254,2,AITC
3,TARAPADA CHAKRABARTI,All India Forward Bloc,15507,106,15613,6.92,254,3,AIFB
4,APURBA MONDAL,SOCIALIST UNITY CENTRE OF INDIA (COMMUNIST),976,8,984,0.44,254,7,SUCOI(C)
5,NIRMAL (BABLU) BANERJEE,Communist Party of India (Marxist-Leninist) (Liberation),918,4,922,0.41,254,8,CPI(M)(L)
6,BIKASH PATRA,Communist Party of India (Marxist-Leninist) Red Star,584,6,590,0.26,254,9,CPI(M)RS
7,ABDUL HAI MALLIK,Independent,1000,3,1003,0.44,254,6,I
8,KRISHNA CHANDRA BAURI,Independent,3433,6,3439,1.52,254,5,I
9,NOTA,None of the Above,4869,10,4879,2.16,254,4,NOTA
1,ARCHITA BID,All India Trinamool Congress,77610,659,78269,40.88,255,2,AITC
2,TANMAY GHOSH (BUMBA),Bharatiya Janata Party,88743,946,89689,46.84,255,1,BJP
3,DEBU CHATTERJEE,Indian National Congress,15649,165,15814,8.26,255,3,INC
4,BASUDEB SIKARI,Bahujan Mukti Party,980,5,985,0.51,255,7,BMP
5,SHASHIBHUSAN BANERJEE,SOCIALIST UNITY CENTRE OF INDIA (COMMUNIST),1007,8,1015,0.53,255,6,SUCOI(C)
6,BAIDYANATH ROY,Independent,2270,8,2278,1.19,255,5,I
7,NOTA,None of the Above,3395,24,3419,1.79,255,4,NOTA
1,AKSHAY SANTRA,Indian National Congress,17560,197,17757,7.92,256,3,INC
2,SANGEETA MALIK,All India Trinamool Congress,93147,1090,94237,42.05,256,2,AITC
3,HARAKALI PROTIHER,Bharatiya Janata Party,104635,1387,106022,47.31,256,1,BJP
4,HARU ROY,Bahujan Samaj Party,2505,14,2519,1.12,256,4,BSP
5,MOHAN SANTRA,SOCIALIST UNITY CENTRE OF INDIA (COMMUNIST),1722,10,1732,0.77,256,6,SUCOI(C)
6,NOTA,None of the Above,1833,23,1856,0.83,256,5,NOTA
1,NAYAN KUMAR SHILL (BAGDI),Communist Party of India (Marxist),12503,116,12619,5.78,257,3,CPI(M)
2,NIRMAL KUMAR DHARA,Bharatiya Janata Party,104163,773,104936,48.04,257,1,BJP
3,RUNU METE,All India Trinamool Congress,96808,908,97716,44.73,257,2,AITC
4,NOTA,None of the Above,3164,18,3182,1.46,257,4,NOTA
1,AJIT RAY,Communist Party of India (Marxist),15479,246,15725,7.57,258,3,CPI(M)
2,DIBAKAR GHARAMI,Bharatiya Janata Party,97203,958,98161,47.25,258,1,BJP
3,DR. SHYAMAL SANTRA,All India Trinamool Congress,86451,822,87273,42.01,258,2,AITC
4,AVRANIL MANDAL,SOCIALIST UNITY CENTRE OF INDIA (COMMUNIST),2758,14,2772,1.33,258,4,SUCOI(C)
5,ASIM KUMAR MANDAL,Independent,1725,7,1732,0.83,258,6,I
6,NOTA,None of the Above,2062,14,2076,1.0,258,5,NOTA
1,ASIMA ROY,Communist Party of India (Marxist),22765,158,22923,10.52,259,3,CPI(M)
2,NABIN CHANDRA BAG,All India Trinamool Congress,103278,986,104264,47.85,259,1,AITC
3,PROTUL BISWAS,Bahujan Samaj Party,3458,7,3465,1.59,259,4,BSP
4,BIJAN MANDAL,Bharatiya Janata Party,82773,605,83378,38.26,259,2,BJP
5,BASUDEB RUIDAS,Bahujan Mukti Party,1920,3,1923,0.88,259,6,BMP
6,NOTA,None of the Above,1934,10,1944,0.89,259,5,NOTA
1,KHOKAN DAS,All India Trinamool Congress,90166,849,91015,44.32,260,1,AITC
2,PUSPA HANSDA,Bahujan Samaj Party,1452,3,1455,0.71,260,5,BSP
3,PRITHA TAH,Communist Party of India (Marxist),23056,290,23346,11.37,260,3,CPI(M)
4,SANDIP NANDI,Bharatiya Janata Party,82328,582,82910,40.38,260,2,BJP
5,ANIRUDDHA KUNDU,SOCIALIST UNITY CENTRE OF INDIA (COMMUNIST),791,6,797,0.39,260,7,SUCOI(C)
6,RAJIB PASWAN,National Republic Party Of India,983,0,983,0.48,260,6,NRPOI
7,LUXMI NARAYAN KORA,Bahujan Mukti Party,549,2,551,0.27,260,9,BMP
8,ARINDAM GHOSH,Independent,581,0,581,0.28,260,8,I
9,NOTA,None of the Above,3697,10,3707,1.81,260,4,NOTA
1,Pallab Biswas,Bahujan Samaj Party,1861,10,1871,0.82,261,4,BSP
2,Basudeb Khan,Communist Party of India (Marxist),25141,191,25332,11.05,261,3,CPI(M)
3,Manik Roy,Bharatiya Janata Party,89999,548,90547,39.51,261,2,BJP
4,Shampa Dhara,All India Trinamool Congress,107918,834,108752,47.46,261,1,AITC
5,Rabi Routh,Bahujan Mukti Party,1098,3,1101,0.48,261,6,BMP
6,NOTA,None of the Above,1556,7,1563,0.68,261,5,NOTA
1,ALOK KUMAR MAJHI,All India Trinamool Congress,96460,539,96999,46.93,262,1,AITC
2,GAURHARI PATRA,Bahujan Samaj Party,2018,6,2024,0.98,262,5,BSP
3,BALARAM BAPARI,Bharatiya Janata Party,78693,335,79028,38.24,262,2,BJP
4,SAMAR HAZRA,Communist Party of India (Marxist),23184,114,23298,11.27,262,3,CPI(M)
5,KARTIK KSHETRAPAL,Bahujan Mukti Party,1285,6,1291,0.62,262,6,BMP
6,TARUN KANTI MAJHI,Communist Party of India (Marxist-Leninist) (Liberation),1182,3,1185,0.57,262,7,CPI(M)(L)
7,NOTA,None of the Above,2859,6,2865,1.39,262,4,NOTA
1,ANUPAM GHOSH,Communist Party of India (Marxist),24628,112,24740,11.84,263,3,CPI(M)
2,CHOWDHURY SIDDIQULLAH,All India Trinamool Congress,104904,556,105460,50.45,263,1,AITC
3,SAIKAT PANJA,Bharatiya Janata Party,73323,332,73655,35.24,263,2,BJP
4,ANSARUL AMAN MONDAL (BABU),Communist Party of India (Marxist-Leninist) (Liberation),1873,4,1877,0.9,263,4,CPI(M)(L)
5,NASIMUL GANI SAYED,Party for Democratic Socialism,1691,2,1693,0.81,263,5,PFDS
6,NOTA,None of the Above,1604,7,1611,0.77,263,6,NOTA
1,DEBOPRASAD BAG (POLTU),All India Trinamool Congress,95704,369,96073,45.98,264,1,AITC
2,NIRAB KHAN,Communist Party of India (Marxist),18905,100,19005,9.1,264,3,CPI(M)
3,BISWAJIT KUNDU,Bharatiya Janata Party,88305,290,88595,42.4,264,2,BJP
4,RADHESYAM MANDAL,Bahujan Samaj Party,2081,3,2084,1.0,264,5,BSP
5,KALI CHARAN SARDAR,SOCIALIST UNITY CENTRE OF INDIA (COMMUNIST),686,1,687,0.33,264,6,SUCOI(C)
6,NOTA,None of the Above,2502,5,2507,1.2,264,4,NOTA
1,KALPANA MANDAL,Bahujan Samaj Party,2119,2,2121,0.97,265,4,BSP
2,BHISMADEB BHATTACHARYA,Bharatiya Janata Party,81513,260,81773,37.37,265,2,BJP
3,MADHUSUDAN BHATTACHARYA,All India Trinamool Congress,104374,477,104851,47.92,265,1,AITC
4,SANAT BANERJEE,Communist Party of India (Marxist),25526,92,25618,11.71,265,3,CPI(M)
5,TARUN KUMAR DHALI,Bahujan Mukti Party,1735,2,1737,0.79,265,5,BMP
6,MANAB BANERJEE,Independent,1029,0,1029,0.47,265,7,I
7,NOTA,None of the Above,1666,7,1673,0.76,265,6,NOTA
1,CHANDI CHORAN LET,Communist Party of India (Marxist),30817,211,31028,12.83,266,3,CPI(M)
2,NISITH KUMAR MALIK,All India Trinamool Congress,110411,800,111211,45.97,266,1,AITC
3,RADHA KANTA ROY,Bharatiya Janata Party,93449,494,93943,38.83,266,2,BJP
4,RAMKRISHNA MALIK,Bahujan Samaj Party,3341,6,3347,1.38,266,4,BSP
5,NOTA,None of the Above,2388,8,2396,0.99,266,5,NOTA
1,ADHIKARI MANGOBINDA,All India Trinamool Congress,107294,734,108028,50.44,267,1,AITC
2,NAZRUL HAQUE,Communist Party of India (Marxist),19478,129,19607,9.15,267,3,CPI(M)
3,MAHENDRANATH KOWAR,Bharatiya Janata Party,75957,330,76287,35.62,267,2,BJP
4,SUKUL SAREN,Bahujan Samaj Party,1569,6,1575,0.74,267,6,BSP
5,MAINUDDIN SAH,Lok Jan Shakti Party,475,5,480,0.22,267,9,LJSP
6,AYAN GHOSH,Independent,823,5,828,0.39,267,8,I
7,NAZRUL ISLAM,Independent,1866,2,1868,0.87,267,5,I
8,SOMNATH SAIN,Independent,1147,2,1149,0.54,267,7,I
9,NOTA,None of the Above,4342,4,4346,2.03,267,4,NOTA
1,ABHIJIT BHATTACHARYYA,Indian National Congress,15016,45,15061,6.99,268,3,INC
2,RAJIB KUMAR BHOWMICK,Bharatiya Janata Party,87946,342,88288,41.0,268,2,BJP
3,SURAJIT MONDAL,Bahujan Samaj Party,3100,5,3105,1.44,268,4,BSP
4,SWAPAN DEBNATH,All India Trinamool Congress,105209,489,105698,49.08,268,1,AITC
5,SANTOSH KUMAR ADHIKARY,Purvanchal Mahapanchayat,1639,0,1639,0.76,268,5,PM
6,NOTA,None of the Above,1559,3,1562,0.73,268,6,NOTA
1,KESTO ROY,Bahujan Samaj Party,1899,8,1907,0.9,269,4,BSP
2,GOBARDHAN DAS,Bharatiya Janata Party,85218,497,85715,40.37,269,2,BJP
3,TAPAN CHATTERJEE,All India Trinamool Congress,91724,697,92421,43.52,269,1,AITC
4,PRADIP KUMAR SAHA,Communist Party of India (Marxist),27960,174,28134,13.25,269,3,CPI(M)
5,BIBHAS DAS,Purvanchal Mahapanchayat,1671,4,1675,0.79,269,5,PM
6,SAMILAN SUTRADHAR,Independent,1138,3,1141,0.54,269,7,I
7,NOTA,None of the Above,1347,3,1350,0.64,269,6,NOTA
1,Paritosh Chair,Bahujan Samaj Party,1593,5,1598,0.71,270,5,BSP
2,Prabir Ganguli,Indian National Congress,12880,96,12976,5.78,270,3,INC
3,Rabindranath Chatterjee,All India Trinamool Congress,106907,987,107894,48.07,270,1,AITC
4,Shyama Majumdar,Bharatiya Janata Party,98201,538,98739,43.99,270,2,BJP
5,Apurba Chakraborty,SOCIALIST UNITY CENTRE OF INDIA (COMMUNIST),1467,5,1472,0.66,270,6,SUCOI(C)
6,NOTA,None of the Above,1770,10,1780,0.79,270,4,NOTA
1,Anadi Ghosh (Mathura),Bharatiya Janata Party,87058,485,87543,40.66,271,2,BJP
2,Dr. Manik Chandra Pradhan,Bahujan Samaj Party,2288,5,2293,1.06,271,5,BSP
3,Mizanul Kabir (Dhiraj),Communist Party of India (Marxist),20003,89,20092,9.33,271,3,CPI(M)
4,Sekh Sahonawez,All India Trinamool Congress,99525,701,100226,46.55,271,1,AITC
5,Satya Narayan Mondal,SOCIALIST UNITY CENTRE OF INDIA (COMMUNIST),1541,2,1543,0.72,271,6,SUCOI(C)
6,NOTA,None of the Above,3615,5,3620,1.68,271,4,NOTA
1,Apurba Chowdhury (Achal),All India Trinamool Congress,106851,745,107596,49.51,272,1,AITC
2,ABDUS SABUR SK,Bahujan Samaj Party,2468,8,2476,1.14,272,5,BSP
3,Choudhury Sahajahan,Communist Party of India (Marxist),16695,88,16783,7.72,272,3,CPI(M)
4,Rana Protap Goswami,Bharatiya Janata Party,84792,467,85259,39.23,272,2,BJP
5,Rasik Saren,SOCIALIST UNITY CENTRE OF INDIA (COMMUNIST),1388,1,1389,0.64,272,6,SUCOI(C)
6,NOTA,None of the Above,3816,10,3826,1.76,272,4,NOTA
1,ABHEDANANDA THANDER,All India Trinamool Congress,99837,555,100392,46.25,273,1,AITC
2,KALITA MAJI,Bharatiya Janata Party,88262,315,88577,40.8,273,2,BJP
3,CHANCHAL KUMAR MAJHI,Communist Party of India (Marxist),20309,90,20399,9.4,273,3,CPI(M)
4,SRIDAM GOLDAR,Bahujan Samaj Party,1700,1,1701,0.78,273,6,BSP
5,MANASA METE,SOCIALIST UNITY CENTRE OF INDIA (COMMUNIST),1972,0,1972,0.91,273,5,SUCOI(C)
6,NOTA,None of the Above,4037,2,4039,1.86,273,4,NOTA
1,NANDALAL PONDIT,All India Forward Bloc,16929,91,17020,7.65,274,3,AIFB
2,NEPAL GHORUI,All India Trinamool Congress,108875,629,109504,49.21,274,1,AITC
3,BIKASH BISWAS,Bharatiya Janata Party,89907,335,90242,40.55,274,2,BJP
4,SANDIP SARKAR,Bahujan Samaj Party,3511,7,3518,1.58,274,4,BSP
5,NOTA,None of the Above,2247,7,2254,1.01,274,5,NOTA
1,KUMAR JITENDRA TEWARI,Bharatiya Janata Party,69665,454,70119,42.68,275,2,BJP
2,NARENDRANATH CHAKRABORTY,All India Trinamool Congress,73015,907,73922,44.99,275,1,AITC
3,RAKESH KUMAR DAS,Bahujan Samaj Party,1134,3,1137,0.69,275,6,BSP
4,SUBHAS BAURI,Communist Party of India (Marxist),12084,112,12196,7.42,275,3,CPI(M)
5,ATUL CHANDRA BAURI,Bahujan Mukti Party,761,5,766,0.47,275,7,BMP
6,DANA GOSWAMI,SOCIALIST UNITY CENTRE OF INDIA (COMMUNIST),629,6,635,0.39,275,8,SUCOI(C)
7,PRADIP KUMAR PODDAR,Independent,506,2,508,0.31,275,9,I
8,SANJAY YADAV,Independent,2270,3,2273,1.38,275,5,I
9,NOTA,None of the Above,2727,8,2735,1.66,275,4,NOTA
1,ABHAS RAY CHAUDHURI,Communist Party of India (Marxist),28719,344,29063,15.08,276,3,CPI(M)
2,COLONEL DIPTANSU CHAUDHURY,Bharatiya Janata Party,75000,557,75557,39.21,276,2,BJP
3,PRADIP MAZUMDAR,All India Trinamool Congress,78457,846,79303,41.16,276,1,AITC
4,SURESH PRASAD,Bahujan Samaj Party,1234,6,1240,0.64,276,7,BSP
5,AMAL CHAKRABORTY,Amra Bangalee,469,2,471,0.24,276,10,AB
6,BIJOY LAXMI PANDEY,Republican Party of India (Athawale),525,3,528,0.27,276,9,RPI(A)
7,JUGAL KRISHNA PAKHIRA,SOCIALIST UNITY CENTRE OF INDIA (COMMUNIST),629,7,636,0.33,276,8,SUCOI(C)
8,DIPAK DHALI,Independent,1877,7,1884,0.98,276,5,I
9,MD. SHOUKAT ALI KHAN,Independent,1363,1,1364,0.71,276,6,I
10,NOTA,None of the Above,2609,19,2628,1.36,276,4,NOTA
1,DEBESH CHAKRABORTY,Indian National Congress,17772,258,18030,9.16,277,3,INC
2,PRABHUNATH SAH,Bahujan Samaj Party,1221,7,1228,0.62,277,7,BSP
3,BISWANATH PARIAL,All India Trinamool Congress,75828,694,76522,38.86,277,2,AITC
4,LAKSHMAN CHANDRA GHORUI,Bharatiya Janata Party,90589,597,91186,46.31,277,1,BJP
5,SANJIBAN HAZRA,Janata Dal (United),910,5,915,0.46,277,8,JD(U)
6,SANDIP SIKDER,Republican Party of India (Athawale),874,5,879,0.45,277,9,RPI(A)
7,SOMNATH BANERJEE,SOCIALIST UNITY CENTRE OF INDIA (COMMUNIST),683,8,691,0.35,277,10,SUCOI(C)
8,CHANDRA MALLIKA BANDOPADHYAY,Independent,2029,9,2038,1.04,277,6,I
9,NAYAN MONDAL,Independent,2118,12,2130,1.08,277,5,I
10,SWAPAN BANERJEE,Independent,653,6,659,0.33,277,11,I
11,NOTA,None of the Above,2611,13,2624,1.33,277,4,NOTA
1,AVIJIT BOWRI,Bahujan Samaj Party,1533,7,1540,0.85,278,7,BSP
2,TAPAS BANERJEE,All India Trinamool Congress,77528,636,78164,42.9,278,1,AITC
3,DR. BIJAN MUKHERJEE,Bharatiya Janata Party,74233,375,74608,40.95,278,2,BJP
4,HEMANT KUMAR PRABHAKAR,Communist Party of India (Marxist),21434,254,21688,11.9,278,3,CPI(M)
5,NIRAJ RAJAK,Purvanchal Mahapanchayat,981,3,984,0.54,278,8,PM
6,NILKANTHA BAURI,Bahujan Mukti Party,1608,1,1609,0.88,278,6,BMP
7,RAJ KUMAR,Janata Dal (United),1612,0,1612,0.88,278,5,JD(U)
8,NOTA,None of the Above,1994,12,2006,1.1,278,4,NOTA
1,AISHE GHOSH,Communist Party of India (Marxist),24596,222,24818,14.89,279,3,CPI(M)
2,TAPAS KUMAR ROY,Bharatiya Janata Party,62620,331,62951,37.76,279,2,BJP
3,BHANU PRATAP SHARMA,Bahujan Samaj Party,2401,8,2409,1.45,279,4,BSP
4,HARERAM SINGH,All India Trinamool Congress,70533,469,71002,42.59,279,1,AITC
5,GOURI SANKAR BANERJEE,Janata Dal (United),1482,2,1484,0.89,279,7,JD(U)
6,LAKHIRAM HANSDA,Bahujan Mukti Party,1681,5,1686,1.01,279,6,BMP
7,NOTA,None of the Above,2346,7,2353,1.41,279,5,NOTA
1,AGNIMITRA PAUL,Bharatiya Janata Party,87156,725,87881,45.13,280,1,BJP
2,PRASANTA GHOSH,Communist Party of India (Marxist),15720,252,15972,8.2,280,3,CPI(M)
3,SAYANI GHOSH,All India Trinamool Congress,82464,930,83394,42.82,280,2,AITC
4,SINGHASAN PASWAN,Bahujan Samaj Party,2854,13,2867,1.47,280,5,BSP
5,SHIULI RUIDAS,Bahujan Mukti Party,1149,8,1157,0.59,280,6,BMP
6,NOTA,None of the Above,3442,24,3466,1.78,280,4,NOTA
1,Krishnendu Mukherjee,Bharatiya Janata Party,79143,678,79821,41.38,281,2,BJP
2,Ghatak Moloy,All India Trinamool Congress,99691,1240,100931,52.32,281,1,AITC
3,Danish Aziz,All India Majlis-E-Ittehadul Muslimeen,1494,20,1514,0.78,281,6,AIMM
4,Mohammad Mustaqim,Rashtriya Secular Majlis Party,4335,136,4471,2.32,281,3,RSMP
5,Sanjoy Chatterjee,SOCIALIST UNITY CENTRE OF INDIA (COMMUNIST),497,13,510,0.26,281,8,SUCOI(C)
6,Nani Gopal Dawn,Independent,634,5,639,0.33,281,7,I
7,Sunil Thakur,Independent,1667,6,1673,0.87,281,5,I
8,NOTA,None of the Above,3321,27,3348,1.74,281,4,NOTA
1,AJAY KUMAR PODDAR,Bharatiya Janata Party,80733,379,81112,46.41,282,1,BJP
2,UJJAL CHATTERJEE,All India Trinamool Congress,79933,500,80433,46.02,282,2,AITC
3,CHANDI DAS CHATTERJEE,Indian National Congress,5738,57,5795,3.32,282,3,INC
4,BAPI KUMAR RABIDAS,Bahujan Samaj Party,1041,6,1047,0.6,282,6,BSP
5,ARUN RAJAK,Bahujan Mukti Party,822,2,824,0.47,282,7,BMP
6,SURAJ KEWAT,Independent,2002,1,2003,1.15,282,5,I
7,NOTA,None of the Above,3541,12,3553,2.03,282,4,NOTA
1,ARIJIT ROY,Bharatiya Janata Party,64477,496,64973,38.4,283,2,BJP
2,BIDHAN UPADHYAY,All India Trinamool Congress,87251,1179,88430,52.26,283,1,AITC
3,RANENDRA NATH BAGCHI,Indian National Congress,8764,198,8962,5.3,283,3,INC
4,DEBSHWAR BESRA,SOCIALIST UNITY CENTRE OF INDIA (COMMUNIST),973,12,985,0.58,283,6,SUCOI(C)
5,SANJAY MAJHI,Bahujan Mukti Party,661,1,662,0.39,283,7,BMP
6,PABAN NUNIA,Independent,2152,4,2156,1.27,283,5,I
7,NOTA,None of the Above,3024,15,3039,1.8,283,4,NOTA
1,Anup Kumar Saha,Bharatiya Janata Party,97072,1011,98083,47.94,284,1,BJP
2,Debabrata Saha,All India Trinamool Congress,93279,941,94220,46.05,284,2,AITC
3,BIJOY BAGDI,All India Forward Bloc,5931,83,6014,2.94,284,3,AIFB
4,Bhaskar Das,Bahujan Samaj Party,1087,6,1093,0.53,284,6,BSP
5,Sanjay Das,Bahujan Mukti Party,2027,5,2032,0.99,284,5,BMP
6,NOTA,None of the Above,3148,9,3157,1.54,284,4,NOTA
1,KHURSHID ALAM,Bahujan Samaj Party,1314,4,1318,0.6,285,6,BSP
2,CHANCHAL CHATTERJEE,Indian National Congress,8082,185,8267,3.78,285,3,INC
3,CHATTOPADHYAY JAGANNATH,Bharatiya Janata Party,96891,1660,98551,45.08,285,2,BJP
4,BIKASH ROYCHOUDHURY,All India Trinamool Congress,104445,1426,105871,48.43,285,1,AITC
5,NITAI ANKUR,SOCIALIST UNITY CENTRE OF INDIA (COMMUNIST),2078,6,2084,0.95,285,4,SUCOI(C)
6,DHANANJOY MAZUMDAR,Independent,660,4,664,0.3,285,7,I
7,NOTA,None of the Above,1806,29,1835,0.84,285,5,NOTA
1,ANIRBAN GANGULY,Bharatiya Janata Party,92871,1292,94163,40.89,286,2,BJP
2,JITEN RAY,Bahujan Samaj Party,1229,10,1239,0.54,286,6,BSP
3,TAPAN HORE,Revolutionary Socialist Party,9748,217,9965,4.33,286,3,RSP
4,SINHA CHANDRANATH,All India Trinamool Congress,114842,1601,116443,50.57,286,1,AITC
5,MIHIR KUMAR BANERJEE,Rashtravadi Janata Party,1168,1,1169,0.51,286,7,RJP
6,SAMARJIT BARMAN,SOCIALIST UNITY CENTRE OF INDIA (COMMUNIST),669,9,678,0.29,286,9,SUCOI(C)
7,SIDDHARTHA BANERJEE,Paradise Party,1935,3,1938,0.84,286,5,PP
8,SK SIRAJUL HOQUE,Mulnibasi Party of India,623,3,626,0.27,286,10,MPI
9,SONA MURMU,Bahujan Mukti Party,699,3,702,0.3,286,8,BMP
10,NOTA,None of the Above,3316,21,3337,1.45,286,4,NOTA
1,CHANDIPADA DAS,Bahujan Samaj Party,2729,10,2739,1.16,287,4,BSP
2,TARAKESWAR SAHA,Bharatiya Janata Party,104323,1123,105446,44.81,287,2,BJP
3,BIDHAN CHANDRA MAJHI,All India Trinamool Congress,110764,1352,112116,47.64,287,1,AITC
4,SHYAMALI PRADHAN,Communist Party of India (Marxist),12731,147,12878,5.47,287,3,CPI(M)
5,NOTA,None of the Above,2134,15,2149,0.91,287,5,NOTA
1,ABHIJIT SINHA (RANA),All India Trinamool Congress,107089,1334,108423,51.14,288,1,AITC
2,BISWAJIT MONDAL,Bharatiya Janata Party,89390,1058,90448,42.66,288,2,BJP
3,MURMU SUNIL,Bahujan Samaj Party,915,7,922,0.43,288,6,BSP
4,SYED MAHFUZUL KARIM,Communist Party of India (Marxist),6369,110,6479,3.06,288,3,CPI(M)
5,TAPAS MONDAL,Amra Bangalee,290,5,295,0.14,288,8,AB
6,BAHADUR GHOSH,Purvanchal Mahapanchayat,408,3,411,0.19,288,7,PM
7,ISLAM MONIRUL,Independent,1979,13,1992,0.94,288,5,I
8,NOTA,None of the Above,3049,8,3057,1.44,288,4,NOTA
1,TARAPADA BADYAKAR,Bahujan Samaj Party,2092,6,2098,0.95,289,4,BSP
2,NILABATI SAHA,All India Trinamool Congress,109041,1531,110572,49.84,289,1,AITC
3,PIYA SAHA,Bharatiya Janata Party,94174,1155,95329,42.97,289,2,BJP
4,MAUSUMI KONAI,Communist Party of India (Marxist),10239,130,10369,4.67,289,3,CPI(M)
5,NABA KUMAR DAS,SOCIALIST UNITY CENTRE OF INDIA (COMMUNIST),1751,5,1756,0.79,289,5,SUCOI(C)
6,NOTA,None of the Above,1727,15,1742,0.79,289,6,NOTA
1,ABHIJIT ROY,All India Trinamool Congress,99378,1047,100425,50.36,290,1,AITC
2,GOPAL SARKAR,Bahujan Samaj Party,2259,26,2285,1.15,290,5,BSP
3,Shyamapada Mondal,Bharatiya Janata Party,87149,1201,88350,44.3,290,2,BJP
4,KASHINATH PAL,Rashtriya Secular Majlis Party,5492,70,5562,2.79,290,3,RSMP
5,NOTA,None of the Above,2777,26,2803,1.41,290,4,NOTA
1,ASISH BANERJEE,All India Trinamool Congress,102251,1025,103276,47.52,291,1,AITC
2,BIPAD TARAN DOM,Bahujan Samaj Party,1587,0,1587,0.73,291,6,BSP
3,SUBHASIS CHOUDHURY (KHOKAN),Bharatiya Janata Party,93574,1230,94804,43.62,291,2,BJP
4,SANJIB BARMAN (GOPI),Communist Party of India (Marxist),11578,129,11707,5.39,291,3,CPI(M)
5,IBANE RASUL (ANGUR MIYA),Bahujan Maha Party,1607,1,1608,0.74,291,5,BMP
6,FORIDA YASMIN (KEYA),SOCIALIST UNITY CENTRE OF INDIA (COMMUNIST),956,4,960,0.44,291,7,SUCOI(C)
7,NOTA,None of the Above,3369,12,3381,1.56,291,4,NOTA
1,Dr. ASOK KUMAR CHATTOPADHYAY,All India Trinamool Congress,107429,860,108289,51.42,292,1,AITC
2,NIKHIL BANERJEE,Bharatiya Janata Party,57123,553,57676,27.39,292,2,BJP
3,MILTAN RASID,Indian National Congress,39424,391,39815,18.9,292,3,INC
4,SUSHEN DAS,Bahujan Samaj Party,1170,7,1177,0.56,292,6,BSP
5,JUTHIKA DHIBAR,SOCIALIST UNITY CENTRE OF INDIA (COMMUNIST),1225,4,1229,0.58,292,5,SUCOI(C)
6,NOTA,None of the Above,2418,2,2420,1.15,292,4,NOTA
1,TAPAS KUMAR YADAV(ANANDA YADAV),Bharatiya Janata Party,60076,457,60533,29.15,293,2,BJP
2,DINABANDHU MONDAL,Bahujan Samaj Party,1029,2,1031,0.5,293,7,BSP
3,DIPAK CHATTERJEE,All India Forward Bloc,21193,135,21328,10.27,293,3,AIFB
4,RAJENDRA PRASAD SINGH (RAJU SINGH),All India Trinamool Congress,116667,771,117438,56.54,293,1,AITC
5,AMARJIT FULMALI,Janata Dal (United),983,1,984,0.47,293,8,JD(U)
6,MD. MONIBUR RAHAMAN,"Justice and Development Party,",616,1,617,0.3,293,9,JADP
7,MANIK HANSDA,Bahujan Mukti Party,1581,5,1586,0.76,293,6,BMP
8,ABDUS SALAM,Independent,446,1,447,0.22,293,10,I
9,MOINUDDIN SHAMS,Independent,1816,16,1832,0.88,293,5,I
10,NOTA,None of the Above,1891,9,1900,0.91,293,4,NOTA
1,ASIF EKBAL,Indian National Congress,17210,77,17287,7.93,294,3,INC
2,TARAK LET,Bahujan Samaj Party,1634,6,1640,0.75,294,5,BSP
3,DEBASISH ROY,Bharatiya Janata Party,47930,320,48250,22.14,294,2,BJP
4,DR MOSARRAF HOSSAIN,All India Trinamool Congress,145405,1091,146496,67.23,294,1,AITC
5,ANSARUL SAIEKH,SOCIALIST UNITY CENTRE OF INDIA (COMMUNIST),1854,3,1857,0.85,294,4,SUCOI(C)
6,SAMSUL MIYA,Socialist Party (India),877,1,878,0.4,294,7,SP(I)
7,NOTA,None of the Above,1501,8,1509,0.69,294,6,NOTA
